10 Reserve top-0
20 For i=0 to 4923
30 Read a:poke 0+i,a
40 next i
50 ?"type CALL TOP to run your code."
100 END
10000 DATA 0,195,0,2,195,137,2,2,0,0
10010 DATA 0,0,0,0,0,0,0,0,0,0
10020 DATA 0,0,0,0,0,0,0,0,0,0
10030 DATA 0,0,0,0,0,0,0,0,0,0
10040 DATA 0,0,0,0,0,0,0,0,0,0
10050 DATA 0,0,0,0,0,0,195,0,160,0
10060 DATA 0,0,0,0,0,0,0,0,0,0
10070 DATA 0,0,0,0,0,0,0,0,0,0
10080 DATA 0,0,0,0,0,0,0,0,0,0
10090 DATA 0,0,0,0,0,0,0,0,0,0
10100 DATA 0,0,0,0,0,0,0,0,0,0
10110 DATA 0,0,0,0,0,0,0,0,0,0
10120 DATA 0,0,0,0,0,0,0,0,0,0
10130 DATA 0,0,0,0,0,0,0,0,0,0
10140 DATA 0,0,0,0,0,0,0,0,0,0
10150 DATA 0,0,0,0,0,0,0,0,0,0
10160 DATA 0,0,0,0,0,0,0,0,0,0
10170 DATA 0,0,0,0,0,0,0,0,0,0
10180 DATA 0,0,0,0,0,0,0,0,0,0
10190 DATA 0,0,0,0,0,0,0,0,0,0
10200 DATA 0,0,0,0,0,0,0,0,0,0
10210 DATA 0,0,0,0,0,0,0,0,0,0
10220 DATA 0,0,0,0,0,0,0,0,0,0
10230 DATA 0,0,0,0,0,0,0,0,0,0
10240 DATA 0,0,0,0,0,0,0,0,0,0
10250 DATA 0,0,0,0,0,0,195,151,15,195
10260 DATA 154,15,195,155,15,195,162,15,195,180
10270 DATA 15,195,195,15,195,241,15,195,206,15
10280 DATA 195,23,16,195,83,16,195,166,17,195
10290 DATA 197,16,195,135,17,195,135,17,195,135
10300 DATA 17,195,135,17,195,135,17,195,135,17
10310 DATA 195,56,17,195,91,17,195,135,17,195
10320 DATA 135,17,195,135,17,195,135,17,195,67
10330 DATA 16,195,70,16,195,136,17,195,142,17
10340 DATA 195,148,17,195,151,17,195,151,17,195
10350 DATA 151,17,195,151,17,195,151,17,195,151
10360 DATA 17,195,151,17,195,151,17,195,151,17
10370 DATA 195,151,17,0,0,0,0,0,0,0
10380 DATA 0,0,0,0,0,0,0,0,0,0
10390 DATA 0,0,0,0,0,0,0,0,0,0
10400 DATA 0,0,0,0,0,0,0,0,0,0
10410 DATA 0,0,0,0,0,0,0,0,0,0
10420 DATA 0,0,0,0,0,0,0,0,0,0
10430 DATA 0,0,0,0,0,0,0,0,0,0
10440 DATA 0,0,0,0,0,0,0,0,0,0
10450 DATA 0,0,0,0,0,0,0,0,0,0
10460 DATA 0,0,0,0,0,0,0,0,0,0
10470 DATA 0,0,0,0,0,0,0,0,0,0
10480 DATA 0,0,0,0,0,0,0,0,0,0
10490 DATA 0,0,0,0,0,0,0,0,0,0
10500 DATA 0,0,0,0,0,0,0,0,0,0
10510 DATA 0,0,243,33,0,160,62,237,119,35
10520 DATA 62,77,119,6,5,14,0,62,0,237
10530 DATA 121,14,0,62,255,237,121,16,242,17
10540 DATA 1,0,62,0,79,33,0,128,6,8
10550 DATA 119,78,185,194,67,2,25,198,32,79
10560 DATA 16,244,6,5,14,8,62,64,237,121
10570 DATA 198,128,237,121,16,244,195,76,2,14
10580 DATA 56,62,64,237,121,195,67,2,243,237
10590 DATA 86,49,240,255,205,215,3,205,248,11
10600 DATA 205,42,5,33,243,4,205,82,5,205
10610 DATA 205,5,33,63,0,34,3,131,33,192
10620 DATA 255,34,1,131,33,224,4,205,82,5
10630 DATA 205,74,11,62,0,50,5,131,62,0
10640 DATA 50,6,131,33,60,4,205,110,11,33
10650 DATA 177,4,205,82,5,33,9,5,205,82
10660 DATA 5,33,7,4,62,5,50,5,131,62
10670 DATA 2,50,6,131,205,110,11,205,221,2
10680 DATA 254,85,204,12,3,254,88,202,254,2
10690 DATA 254,84,204,131,3,254,83,204,181,3
10700 DATA 254,73,204,67,3,254,89,204,153,3
10710 DATA 254,72,204,168,3,254,74,204,104,3
10720 DATA 254,67,204,74,11,254,66,202,0,64
10730 DATA 195,137,2,175,205,128,5,40,4,205
10740 DATA 92,5,201,205,229,12,254,0,40,239
10750 DATA 245,205,67,5,62,10,205,67,5,62
10760 DATA 13,205,67,5,241,201,62,5,205,27
10770 DATA 15,17,95,131,26,111,19,26,103,233
10780 DATA 243,205,92,5,111,205,92,5,103,205
10790 DATA 92,5,79,205,92,5,71,17,95,131
10800 DATA 125,18,19,124,18,254,128,220,225,3
10810 DATA 229,205,92,5,119,35,11,120,177,32
10820 DATA 246,205,215,3,62,5,205,27,15,205
10830 DATA 40,15,225,251,201,243,205,92,5,111
10840 DATA 205,92,5,103,205,92,5,79,205,92
10850 DATA 5,71,17,95,131,125,18,19,124,18
10860 DATA 205,92,5,119,35,11,120,177,32,246
10870 DATA 251,201,205,92,5,111,205,92,5,103
10880 DATA 205,92,5,79,205,92,5,71,126,205
10890 DATA 67,5,35,11,120,177,32,246,201,0
10900 DATA 6,10,197,205,92,5,205,67,5,62
10910 DATA 32,62,82,205,53,15,193,16,239,175
10920 DATA 201,0,6,255,197,205,92,5,205,67
10930 DATA 5,193,16,246,175,201,0,6,255,197
10940 DATA 120,205,67,5,193,16,248,175,201,201
10950 DATA 4,175,55,23,16,253,47,71,33,88
10960 DATA 131,126,160,119,211,8,201,4,175,55
10970 DATA 23,16,253,71,33,88,131,126,176,119
10980 DATA 211,8,201,229,197,6,0,205,182,3
10990 DATA 193,225,201,229,197,6,0,205,199,3
11000 DATA 193,225,201,245,38,0,111,17,98,131
11010 DATA 205,79,15,62,10,18,19,62,13,18
11020 DATA 19,175,18,33,98,131,205,82,5,241
11030 DATA 201,85,73,58,85,80,32,74,58,68
11040 DATA 78,32,88,58,82,85,78,32,84,89
11050 DATA 72,58,82,83,32,83,58,68,73,83
11060 DATA 80,32,67,58,67,76,83,32,76,58
11070 DATA 76,67,68,83,84,32,66,58,66,65
11080 DATA 83,73,67,0,76,67,68,32,73,78
11090 DATA 73,84,73,65,76,73,90,69,68,0
11100 DATA 82,83,50,51,50,32,73,78,73,84
11110 DATA 0,80,82,79,71,82,65,77,32,72
11120 DATA 65,76,84,69,68,0,87,65,73,84
11130 DATA 73,78,71,46,46,46,0,80,82,71
11140 DATA 32,84,82,65,78,83,70,69,82,69
11150 DATA 68,0,82,69,67,69,73,86,73,78
11160 DATA 71,46,46,46,0,80,82,71,32,69
11170 DATA 88,69,67,85,84,69,0,73,77,65
11180 DATA 71,69,32,67,79,80,89,0,83,67
11190 DATA 82,69,69,78,32,82,69,65,68,89
11200 DATA 0,85,73,58,85,80,32,74,58,68
11210 DATA 78,32,88,58,82,85,78,32,84,89
11220 DATA 72,58,82,83,32,83,58,68,73,83
11230 DATA 80,32,67,58,67,76,83,32,66,58
11240 DATA 66,65,83,73,67,10,13,0,67,76
11250 DATA 69,65,82,73,78,71,32,83,67,82
11260 DATA 69,69,78,46,10,13,0,10,13,82
11270 DATA 83,50,51,50,32,73,78,73,84,73
11280 DATA 65,76,73,90,69,68,10,13,0,10
11290 DATA 13,87,65,73,84,73,78,71,46,46
11300 DATA 46,10,13,0,0,10,13,75,69,89
11310 DATA 32,80,82,69,83,83,69,68,10,13
11320 DATA 0,0,62,128,211,35,62,12,211,32
11330 DATA 62,0,211,33,62,3,211,35,62,0
11340 DATA 211,34,62,0,211,33,201,205,73,5
11350 DATA 211,32,201,245,219,37,203,111,40,250
11360 DATA 241,201,126,35,254,0,200,205,67,5
11370 DATA 24,246,62,1,211,36,205,119,5,175
11380 DATA 211,36,219,32,201,62,1,211,36,219
11390 DATA 37,203,71,40,2,24,238,175,201,245
11400 DATA 219,37,203,71,40,250,241,201,219,37
11410 DATA 203,71,201,245,241,201,245,229,197,219
11420 DATA 37,203,103,40,4,62,66,24,26,203
11430 DATA 87,40,4,62,80,24,18,203,95,40
11440 DATA 4,62,70,24,10,203,79,40,4,62
11450 DATA 79,24,2,62,78,33,90,131,119,193
11460 DATA 225,241,201,123,211,17,122,211,17,201
11470 DATA 122,211,16,201,175,211,16,205,186,5
11480 DATA 62,1,211,16,201,22,226,205,190,5
11490 DATA 22,35,205,186,5,22,2,205,186,5
11500 DATA 22,84,205,186,5,22,224,205,190,5
11510 DATA 22,1,205,186,5,6,10,205,34,15
11520 DATA 22,224,205,190,5,22,3,205,186,5
11530 DATA 6,10,205,34,15,22,1,205,190,5
11540 DATA 6,20,205,34,15,22,230,205,190,5
11550 DATA 22,3,205,186,5,22,51,205,186,5
11560 DATA 22,51,205,186,5,22,176,205,190,5
11570 DATA 22,32,205,186,5,22,0,205,186,5
11580 DATA 22,3,205,186,5,22,31,205,186,5
11590 DATA 22,1,205,186,5,22,223,205,186,5
11600 DATA 22,0,205,186,5,22,180,205,190,5
11610 DATA 22,4,205,186,5,22,31,205,186,5
11620 DATA 22,0,205,186,5,22,210,205,186,5
11630 DATA 22,0,205,186,5,22,0,205,186,5
11640 DATA 22,0,205,186,5,22,0,205,186,5
11650 DATA 22,182,205,190,5,22,2,205,186,5
11660 DATA 22,12,205,186,5,22,0,205,186,5
11670 DATA 22,34,205,186,5,22,0,205,186,5
11680 DATA 22,0,205,186,5,22,0,205,186,5
11690 DATA 22,184,205,190,5,22,15,205,186,5
11700 DATA 22,1,205,186,5,22,186,205,190,5
11710 DATA 22,1,205,186,5,22,54,205,190,5
11720 DATA 22,8,205,186,5,22,240,205,190,5
11730 DATA 22,6,205,186,5,6,5,205,34,15
11740 DATA 22,188,205,190,5,22,64,205,186,5
11750 DATA 22,128,205,186,5,22,64,205,186,5
11760 DATA 22,1,205,186,5,6,5,205,34,15
11770 DATA 22,41,205,190,5,22,190,205,190,5
11780 DATA 22,6,205,186,5,22,240,205,186,5
11790 DATA 22,1,205,186,5,22,240,205,186,5
11800 DATA 22,0,205,186,5,22,0,205,186,5
11810 DATA 22,208,205,190,5,22,13,205,186,5
11820 DATA 33,0,0,229,229,33,31,3,229,33
11830 DATA 223,1,229,205,50,7,33,8,0,57
11840 DATA 249,201,221,33,2,0,221,57,22,42
11850 DATA 205,190,5,221,86,7,205,186,5,221
11860 DATA 86,6,205,186,5,221,86,3,205,186
11870 DATA 5,221,86,2,205,186,5,22,43,205
11880 DATA 190,5,221,86,5,205,186,5,221,86
11890 DATA 4,205,186,5,221,86,1,205,186,5
11900 DATA 221,86,0,205,186,5,22,44,205,190
11910 DATA 5,201,84,205,186,5,85,205,186,5
11920 DATA 201,221,33,2,0,221,57,221,102,3
11930 DATA 221,110,2,221,86,1,221,94,0,229
11940 DATA 213,229,213,205,50,7,33,8,0,57
11950 DATA 249,42,1,131,205,120,7,205,169,7
11960 DATA 201,33,0,0,229,229,33,31,3,229
11970 DATA 33,223,1,229,205,50,7,33,8,0
11980 DATA 57,249,201,221,33,2,0,221,57,221
11990 DATA 102,5,221,110,4,221,86,3,221,94
12000 DATA 2,221,70,1,221,78,0,229,33,0
12010 DATA 0,183,237,66,56,10,175,145,79,159
12020 DATA 144,71,225,237,66,229,225,229,213,9
12030 DATA 229,213,205,50,7,33,8,0,57,249
12040 DATA 42,1,131,205,120,7,11,121,176,32
12050 DATA 248,205,169,7,201,221,33,2,0,221
12060 DATA 57,221,86,5,221,94,4,221,102,3
12070 DATA 221,110,2,221,70,1,221,78,0,229
12080 DATA 33,0,0,183,237,66,56,10,175,145
12090 DATA 79,159,144,71,225,237,66,229,225,213
12100 DATA 229,213,9,229,205,50,7,33,8,0
12110 DATA 57,249,42,1,131,205,120,7,11,121
12120 DATA 176,32,248,205,169,7,201,221,33,2
12130 DATA 0,221,57,221,102,5,221,110,4,221
12140 DATA 86,1,221,94,0,183,237,82,32,26
12150 DATA 221,70,7,221,78,6,197,213,221,102
12160 DATA 3,221,110,2,237,66,229,205,191,7
12170 DATA 33,6,0,57,249,201,221,102,7,221
12180 DATA 110,6,221,86,3,221,94,2,183,237
12190 DATA 82,32,26,213,221,70,5,221,78,4
12200 DATA 197,221,102,1,221,110,0,237,66,229
12210 DATA 205,7,8,33,6,0,57,249,201,56
12220 DATA 4,175,61,24,13,213,225,221,86,7
12230 DATA 221,94,6,183,237,82,62,1,6,0
12240 DATA 14,0,197,229,254,1,40,2,6,255
12250 DATA 79,197,221,102,5,221,110,4,221,86
12260 DATA 1,221,94,0,183,237,82,56,4,175
12270 DATA 61,24,15,213,225,221,86,5,221,94
12280 DATA 4,183,237,82,6,0,62,1,254,1
12290 DATA 40,2,6,255,79,229,197,253,33,0
12300 DATA 0,253,57,253,86,7,253,94,6,183
12310 DATA 237,82,218,162,9,202,162,9,25,68
12320 DATA 77,203,56,203,25,33,0,0,237,66
12330 DATA 253,116,9,253,117,8,221,86,5,221
12340 DATA 94,4,221,102,7,221,110,6,213,221
12350 DATA 229,229,213,229,213,205,50,7,33,8
12360 DATA 0,57,249,42,1,131,205,120,7,221
12370 DATA 225,209,221,102,1,221,110,0,237,82
12380 DATA 202,53,10,253,70,1,253,78,0,235
12390 DATA 9,221,116,5,221,117,4,253,86,9
12400 DATA 253,94,8,253,102,7,253,110,6,25
12410 DATA 253,116,9,253,117,8,235,33,0,128
12420 DATA 237,82,56,168,253,70,5,253,78,4
12430 DATA 221,102,7,221,110,6,9,221,116,7
12440 DATA 221,117,6,253,102,9,253,110,8,253
12450 DATA 70,3,253,78,2,237,66,253,116,9
12460 DATA 253,117,8,195,32,9,25,66,75,203
12470 DATA 56,203,25,33,0,0,237,66,253,116
12480 DATA 9,253,117,8,221,86,5,221,94,4
12490 DATA 221,102,7,221,110,6,229,221,229,229
12500 DATA 213,229,213,205,50,7,33,8,0,57
12510 DATA 249,42,1,131,205,120,7,221,225,209
12520 DATA 221,102,3,221,110,2,237,82,40,83
12530 DATA 235,253,70,5,253,78,4,9,221,116
12540 DATA 7,221,117,6,253,86,9,253,94,8
12550 DATA 253,102,3,253,110,2,25,253,116,9
12560 DATA 253,117,8,235,33,0,128,237,82,56
12570 DATA 169,253,70,1,253,78,0,221,102,5
12580 DATA 221,110,4,9,221,116,5,221,117,4
12590 DATA 253,102,9,253,110,8,253,70,7,253
12600 DATA 78,6,237,66,253,116,9,253,117,8
12610 DATA 195,180,9,33,10,0,57,249,201,254
12620 DATA 8,202,77,10,254,10,200,254,13,32
12630 DATA 58,33,5,131,195,242,10,33,5,131
12640 DATA 126,56,5,254,1,200,53,201,254,1
12650 DATA 40,10,53,229,62,32,205,129,10,225
12660 DATA 53,183,221,33,2,0,221,57,221,102
12670 DATA 1,221,110,0,62,0,40,2,43,119
12680 DATA 43,119,221,116,1,221,117,0,201,245
12690 DATA 50,7,131,58,5,131,6,8,22,0
12700 DATA 95,33,0,0,183,237,90,16,252,229
12710 DATA 17,8,0,237,90,43,229,58,6,131
12720 DATA 6,10,22,0,95,33,0,0,237,90
12730 DATA 16,252,209,229,213,17,10,0,237,90
12740 DATA 43,229,205,50,7,33,8,0,57,249
12750 DATA 241,33,0,117,22,0,95,237,90,229
12760 DATA 209,14,10,26,6,8,203,39,56,5
12770 DATA 42,3,131,24,3,42,1,131,245,213
12780 DATA 205,120,7,209,241,16,235,20,13,32
12790 DATA 228,33,5,131,126,60,254,80,40,2
12800 DATA 119,201,175,119,35,126,60,254,47,32
12810 DATA 1,175,119,201,42,3,131,24,3,42
12820 DATA 1,131,229,58,5,131,6,8,22,0
12830 DATA 95,33,0,0,183,237,90,16,252,229
12840 DATA 1,8,0,237,74,43,229,58,6,131
12850 DATA 6,10,22,0,95,33,0,0,237,90
12860 DATA 16,252,14,8,6,0,237,74,209,229
12870 DATA 213,35,229,205,50,7,33,8,0,57
12880 DATA 249,225,6,16,205,120,7,16,251,201
12890 DATA 205,169,7,42,3,131,6,223,14,2
12900 DATA 197,6,31,14,4,205,120,7,16,251
12910 DATA 13,32,248,193,16,240,13,32,237,33
12920 DATA 0,0,34,5,131,201,126,254,0,200
12930 DATA 229,205,59,10,225,35,24,244,205,148
12940 DATA 94,217,253,126,0,254,13,40,44,254
12950 DATA 44,32,83,229,253,35,205,148,94,217
12960 DATA 209,123,214,128,56,7,95,221,33,44
12970 DATA 131,24,4,221,33,12,131,123,254,15
12980 DATA 48,54,221,25,221,25,221,117,0,221
12990 DATA 116,1,201,229,209,123,214,128,56,10
13000 DATA 95,221,33,44,131,33,3,131,24,7
13010 DATA 221,33,12,131,33,1,131,123,254,16
13020 DATA 48,14,221,25,221,25,221,86,0,221
13030 DATA 94,1,114,35,115,201,175,205,240,70
13040 DATA 112,97,114,97,109,32,101,114,114,111
13050 DATA 114,0,6,1,205,182,3,201,6,1
13060 DATA 205,199,3,201,6,2,205,182,3,201
13070 DATA 6,2,205,199,3,201,205,236,11,6
13080 DATA 30,219,24,87,203,119,40,8,16,247
13090 DATA 62,1,205,242,11,201,175,201,6,50
13100 DATA 183,219,24,87,203,119,192,16,248,55
13110 DATA 201,6,50,183,219,24,87,203,119,200
13120 DATA 16,248,55,201,205,39,12,216,219,24
13130 DATA 219,24,87,201,122,203,127,32,44,6
13140 DATA 8,72,205,26,12,216,205,52,12,216
13150 DATA 203,39,203,27,65,16,240,205,26,12
13160 DATA 216,205,52,12,216,205,26,12,216,205
13170 DATA 52,12,216,203,127,40,14,205,26,12
13180 DATA 216,123,201,33,130,12,205,82,5,55
13190 DATA 201,213,33,165,12,205,82,5,55,209
13200 DATA 123,201,69,82,82,79,82,32,83,84
13210 DATA 65,82,84,32,66,73,84,46,78,79
13220 DATA 84,46,65,83,32,69,88,80,69,67
13230 DATA 84,69,68,46,10,13,0,69,82,82
13240 DATA 79,82,32,83,84,79,80,32,66,73
13250 DATA 84,46,78,79,84,46,65,83,32,69
13260 DATA 88,80,69,67,84,69,68,46,10,13
13270 DATA 0,1,10,0,11,120,177,40,15,197
13280 DATA 205,4,12,183,193,32,243,205,62,12
13290 DATA 56,2,24,1,175,245,205,242,11,241
13300 DATA 201,205,236,12,205,171,13,201,205,199
13310 DATA 12,254,225,204,24,13,254,240,204,92
13320 DATA 13,254,224,204,34,13,254,18,204,135
13330 DATA 13,254,89,204,135,13,254,20,204,144
13340 DATA 13,254,17,204,153,13,254,88,204,162
13350 DATA 13,201,205,199,12,254,240,200,205,199
13360 DATA 12,201,205,199,12,254,107,200,254,114
13370 DATA 200,254,116,200,254,117,200,254,112,200
13380 DATA 254,108,200,254,125,200,254,122,200,254
13390 DATA 105,200,254,113,200,254,102,200,254,90
13400 DATA 200,254,17,200,254,20,200,254,74,200
13410 DATA 254,240,194,90,13,205,199,12,175,201
13420 DATA 205,199,12,254,18,204,117,13,254,20
13430 DATA 204,123,13,254,17,204,129,13,254,89
13440 DATA 204,117,13,175,201,33,89,131,203,182
13450 DATA 201,33,89,131,203,190,201,33,89,131
13460 DATA 203,174,201,33,89,131,62,64,174,119
13470 DATA 175,201,33,89,131,62,128,174,119,175
13480 DATA 201,33,89,131,62,32,174,119,175,201
13490 DATA 33,89,131,62,16,174,119,175,201,33
13500 DATA 89,131,71,126,79,203,31,203,31,169
13510 DATA 203,103,120,33,199,13,40,3,33,113
13520 DATA 14,6,0,79,9,126,201,0,0,0
13530 DATA 0,0,0,0,0,0,0,0,0,0
13540 DATA 0,96,0,0,0,0,0,0,113,49
13550 DATA 0,0,0,122,115,97,119,50,0,0
13560 DATA 99,120,100,101,52,51,0,0,32,118
13570 DATA 102,116,114,53,0,0,110,98,104,103
13580 DATA 109,54,0,0,44,109,106,117,55,56
13590 DATA 0,0,44,107,105,111,48,57,0,0
13600 DATA 46,47,108,59,112,45,0,0,0,39
13610 DATA 0,91,61,0,0,0,0,13,93,0
13620 DATA 92,0,0,0,0,0,0,0,0,6
13630 DATA 0,0,8,0,4,9,0,0,0,1
13640 DATA 7,10,0,3,11,27,0,0,0,43
13650 DATA 45,42,57,0,0,0,0,0,0,0
13660 DATA 0,0,0,0,0,0,0,0,0,0
13670 DATA 0,0,0,0,0,0,0,0,0,0
13680 DATA 0,0,0,0,0,0,0,0,0,0
13690 DATA 0,0,0,0,0,0,0,0,0,0
13700 DATA 0,0,0,0,0,0,0,0,0,0
13710 DATA 0,126,0,0,0,0,0,0,81,33
13720 DATA 0,0,0,90,83,65,87,64,0,0
13730 DATA 67,88,68,69,36,35,0,0,32,86
13740 DATA 70,84,82,37,0,0,78,66,72,71
13750 DATA 89,94,0,0,34,77,74,85,94,42
13760 DATA 0,0,60,75,73,79,41,40,0,0
13770 DATA 62,63,76,58,80,95,0,0,0,34
13780 DATA 0,123,43,0,0,0,0,13,125,0
13790 DATA 124,0,0,0,0,0,0,0,0,6
13800 DATA 0,0,8,0,4,9,0,0,0,1
13810 DATA 7,10,0,3,11,27,0,0,0,43
13820 DATA 45,42,57,0,0,0,0,0,0,0
13830 DATA 0,0,0,0,0,0,0,0,0,0
13840 DATA 0,0,0,0,0,0,0,0,0,0
13850 DATA 0,0,0,0,0,0,0,0,0,0
13860 DATA 0,0,0,0,0,0,0,201,245,213
13870 DATA 27,209,241,201,205,28,15,16,251,201
13880 DATA 245,213,17,44,1,27,122,179,32,251
13890 DATA 209,241,201,6,80,205,40,15,16,251
13900 DATA 201,197,1,232,3,197,205,40,15,193
13910 DATA 11,120,177,32,246,193,16,239,201,245
13920 DATA 213,205,90,15,209,205,113,15,241,201
13930 DATA 1,0,16,17,0,0,41,123,143,39
13940 DATA 95,122,143,39,87,121,143,39,79,16
13950 DATA 241,235,201,121,205,136,15,121,205,140
13960 DATA 15,124,205,136,15,124,205,140,15,125
13970 DATA 205,136,15,125,24,4,31,31,31,31
13980 DATA 230,15,198,144,39,206,64,39,18,19
13990 DATA 201,195,74,11,201,17,0,0,33,0
14000 DATA 0,201,99,229,205,254,10,225,124,50
14010 DATA 5,131,125,50,6,131,205,3,11,201
14020 DATA 22,0,58,5,131,95,38,0,58,6
14030 DATA 131,111,201,6,80,229,237,98,205,23
14040 DATA 16,225,216,24,246,201,245,213,229,95
14050 DATA 205,54,16,205,220,15,225,209,241,201
14060 DATA 58,0,131,203,95,40,16,123,254,32
14070 DATA 216,42,8,131,115,44,200,34,8,131
14080 DATA 201,30,62,123,245,197,213,229,245,197
14090 DATA 213,229,205,254,10,225,209,193,241,205
14100 DATA 59,10,205,3,11,225,209,193,241,201
14110 DATA 58,0,131,238,4,50,0,131,201,229
14120 DATA 33,11,131,126,54,0,225,183,55,192
14130 DATA 205,161,17,208,254,27,55,192,229,33
14140 DATA 0,131,203,118,32,2,203,254,225,201
14150 DATA 205,105,5,183,200,254,27,40,235,50
14160 DATA 11,131,201,205,54,16,58,0,131,183
14170 DATA 240,33,0,131,203,190,195,194,77,243
14180 DATA 33,246,130,62,6,119,62,187,119,33
14190 DATA 0,0,34,5,131,17,255,255,33,1
14200 DATA 131,115,35,114,35,17,0,0,115,35
14210 DATA 114,17,12,131,205,129,16,17,44,131
14220 DATA 205,129,16,24,9,33,181,16,1,16
14230 DATA 0,237,176,201,205,43,76,67,68,69
14240 DATA 83,80,32,77,111,100,117,108,97,114
14250 DATA 32,67,111,109,112,117,116,101,114,32
14260 DATA 49,46,48,10,13,10,13,0,175,17
14270 DATA 255,255,95,33,111,131,201,0,0,0
14280 DATA 248,192,7,192,255,63,0,63,248,255
14290 DATA 7,255,255,205,31,17,254,13,200,254
14300 DATA 124,200,254,46,202,46,17,235,33,50
14310 DATA 17,26,205,38,17,190,40,11,56,46
14320 DATA 203,126,35,40,251,35,35,24,238,213
14330 DATA 19,35,26,205,38,17,254,46,40,10
14340 DATA 174,40,243,254,128,40,3,209,24,226
14350 DATA 241,19,203,126,35,40,251,126,35,102
14360 DATA 111,229,235,195,31,17,62,254,205,240
14370 DATA 70,66,97,100,32,99,111,109,109,97
14380 DATA 110,100,0,126,254,32,192,35,24,249
14390 DATA 230,127,254,96,216,230,95,201,201,195
14400 DATA 0,0,66,89,197,47,17,255,62,221
14410 DATA 211,40,62,10,211,40,126,211,40,35
14420 DATA 254,13,32,248,121,211,40,120,211,40
14430 DATA 42,220,130,126,211,40,35,11,120,177
14440 DATA 32,247,201,62,221,211,40,62,20,211
14450 DATA 40,126,211,40,35,254,13,32,248,219
14460 DATA 40,79,219,40,71,42,220,130,219,40
14470 DATA 119,35,11,120,177,32,247,68,77,33
14480 DATA 222,130,113,35,112,55,201,201,205,74
14490 DATA 11,195,232,76,205,122,11,195,232,76
14500 DATA 195,0,144,175,205,240,70,83,111,114
14510 DATA 114,121,0,205,221,2,55,201,58,0
14520 DATA 131,203,95,40,9,203,159,50,0,131
14530 DATA 42,8,131,189,62,13,119,196,206,15
14540 DATA 46,0,77,40,32,6,0,126,4,35
14550 DATA 254,13,245,229,95,196,243,15,225,241
14560 DATA 32,241,62,32,205,206,15,30,8,229
14570 DATA 205,243,15,225,43,16,248,121,5,40
14580 DATA 1,183,204,193,15,79,17,225,17,213
14590 DATA 58,0,131,183,121,250,53,18,254,11
14600 DATA 202,121,18,254,10,202,172,18,6,0
14610 DATA 254,5,40,114,254,9,40,111,254,7
14620 DATA 40,118,254,8,202,172,18,14,0,254
14630 DATA 16,202,14,16,254,6,40,90,254,4
14640 DATA 40,87,254,2,40,94,254,1,40,110
14650 DATA 254,3,40,126,254,32,48,127,254,13
14660 DATA 192,126,205,206,15,35,214,13,32,247
14670 DATA 209,185,194,75,16,62,10,205,206,15
14680 DATA 237,91,244,130,175,111,34,8,131,186
14690 DATA 192,187,192,17,197,18,6,4,26,190
14700 DATA 62,0,192,35,19,126,254,46,40,2
14710 DATA 16,242,175,71,77,111,17,201,18,235
14720 DATA 237,176,33,0,131,203,222,201,55,44
14730 DATA 45,40,69,62,8,205,206,15,45,208
14740 DATA 126,254,13,40,57,84,93,19,26,27
14750 DATA 18,19,254,13,32,247,209,195,193,17
14760 DATA 62,13,190,200,84,30,254,19,18,27
14770 DATA 123,189,27,26,32,247,54,32,24,232
14780 DATA 126,254,13,40,17,86,119,44,40,9
14790 DATA 205,206,15,62,13,186,192,119,201,45
14800 DATA 54,13,14,0,201,69,68,73,84,76
14810 DATA 73,83,84,0,0,0,0,0,0,0
14820 DATA 0,0,0,0,0,0,0,0,0,0
14830 DATA 0,0,0,0,0,0,0,0,0,0
14840 DATA 0,0,0,0,0,0,0,0,0,0
14850 DATA 0,0,0,0,0,0,0,0,0,0
14860 DATA 0,0,0,0,0,0,0,0,0,0
14870 DATA 0,0,0,0,0,0,0,0,0,0
14880 DATA 0,0,0,0,0,0,0,0,0,0
14890 DATA 0,0,0,0,0,0,0,0,0,0
14900 DATA 0,0,0,0,0,0,0,0,0,0
14910 DATA 0,0,0,0,0,0,0,0,0,0
