10 Reserve top-0
20 For i=0 to 3917
30 Read a:poke 0+i,a
40 next i
50 ?"type CALL TOP to run your code."
100 END
10000 DATA 195,116,0,195,18,0,195,36,0,195
10010 DATA 40,0,195,44,0,195,203,0,229,213
10020 DATA 197,205,21,12,193,209,225,254,0,192
10030 DATA 203,182,35,126,43,201,205,230,3,201
10040 DATA 205,255,3,201,213,66,5,5,17,17
10050 DATA 0,25,175,17,5,144,18,19,18,205
10060 DATA 98,11,27,14,0,126,203,127,40,6
10070 DATA 245,121,18,241,203,191,205,38,11,43
10080 DATA 12,16,238,205,98,11,209,201,245,38
10090 DATA 0,111,17,0,149,205,39,14,62,10
10100 DATA 18,19,62,13,18,19,175,18,33,0
10110 DATA 149,205,245,3,241,201,243,6,5,14
10120 DATA 0,62,0,237,121,14,0,62,255,237
10130 DATA 121,16,242,17,1,0,62,0,79,33
10140 DATA 0,144,6,8,119,78,185,194,173,0
10150 DATA 25,198,32,79,16,244,6,5,14,8
10160 DATA 62,64,237,121,198,128,237,121,16,244
10170 DATA 195,182,0,14,56,62,64,237,121,195
10180 DATA 173,0,237,86,243,49,240,255,205,205
10190 DATA 3,33,143,3,205,245,3,33,124,3
10200 DATA 205,245,3,33,55,3,205,245,3,33
10210 DATA 165,3,205,245,3,205,15,1,254,85
10220 DATA 204,158,1,254,88,202,129,1,254,84
10230 DATA 204,87,2,254,83,204,137,2,254,73
10240 DATA 204,237,1,254,89,204,109,2,254,72
10250 DATA 204,124,2,254,74,204,31,2,254,75
10260 DATA 204,108,4,254,76,204,127,10,195,203
10270 DATA 0,175,205,21,4,40,4,205,255,3
10280 DATA 201,205,10,12,254,0,40,239,205,31
10290 DATA 12,254,0,202,15,1,205,202,12,245
10300 DATA 205,230,3,62,10,205,230,3,62,13
10310 DATA 205,230,3,241,201,205,138,11,33,77
10320 DATA 1,205,48,11,205,168,11,205,201,11
10330 DATA 195,21,160,60,60,32,67,68,69,83
10340 DATA 80,32,50,48,49,54,32,62,62,0
10350 DATA 229,33,9,144,203,214,225,24,13,229
10360 DATA 33,9,144,203,150,225,24,4,175,211
10370 DATA 7,201,229,33,9,144,126,211,7,62
10380 DATA 5,211,9,225,201,205,64,11,205,138
10390 DATA 11,33,10,3,205,48,11,205,130,11
10400 DATA 62,5,205,254,13,17,7,144,26,111
10410 DATA 19,26,103,233,205,112,1,33,253,2
10420 DATA 205,138,11,205,48,11,205,255,3,111
10430 DATA 205,255,3,103,205,255,3,79,205,255
10440 DATA 3,71,17,7,144,125,18,19,124,18
10450 DATA 254,128,40,2,56,2,211,124,229,205
10460 DATA 255,3,119,35,11,120,177,32,246,211
10470 DATA 125,33,238,2,205,64,11,205,48,11
10480 DATA 62,5,205,254,13,205,18,14,225,205
10490 DATA 116,1,201,205,112,1,33,253,2,205
10500 DATA 138,11,205,48,11,205,255,3,111,205
10510 DATA 255,3,103,205,255,3,79,205,255,3
10520 DATA 71,17,7,144,125,18,19,124,18,205
10530 DATA 255,3,119,35,11,120,177,32,246,205
10540 DATA 116,1,201,205,112,1,205,255,3,111
10550 DATA 205,255,3,103,205,255,3,79,205,255
10560 DATA 3,71,126,205,230,3,35,11,120,177
10570 DATA 32,246,205,116,1,201,219,71,254,0
10580 DATA 40,250,254,255,40,246,254,1,202,64
10590 DATA 2,205,230,3,205,31,14,24,233,0
10600 DATA 6,10,197,205,255,3,205,230,3,62
10610 DATA 32,62,82,205,31,14,193,16,239,175
10620 DATA 201,0,6,255,197,205,255,3,205,230
10630 DATA 3,193,16,246,175,201,0,6,255,197
10640 DATA 120,205,230,3,193,16,248,175,201,201
10650 DATA 85,73,58,85,80,44,88,58,82,85
10660 DATA 78,44,84,89,72,58,82,83,44,83
10670 DATA 58,68,73,83,80,44,78,77,58,78
10680 DATA 66,82,79,77,44,67,86,58,84,86
10690 DATA 44,32,74,58,68,78,0,76,67,68
10700 DATA 32,73,78,73,84,73,65,76,73,90
10710 DATA 69,68,0,82,83,50,51,50,32,73
10720 DATA 78,73,84,0,80,82,79,71,82,65
10730 DATA 77,32,72,65,76,84,69,68,0,87
10740 DATA 65,73,84,73,78,71,46,46,46,0
10750 DATA 80,82,71,32,84,82,65,78,83,70
10760 DATA 69,82,69,68,0,82,69,67,69,73
10770 DATA 86,73,78,71,46,46,46,0,80,82
10780 DATA 71,32,69,88,69,67,85,84,69,0
10790 DATA 73,77,65,71,69,32,67,79,80,89
10800 DATA 0,78,69,87,66,82,65,73,78,32
10810 DATA 83,67,82,69,69,78,32,82,69,65
10820 DATA 68,89,0,85,58,85,80,44,88,58
10830 DATA 82,85,78,44,84,58,82,83,44,83
10840 DATA 58,68,73,83,80,44,78,58,78,66
10850 DATA 82,79,77,44,67,58,84,86,79,78
10860 DATA 44,86,58,84,86,79,70,70,10,13
10870 DATA 0,78,69,87,66,82,65,73,78,32
10880 DATA 66,79,79,84,69,68,32,79,75,10
10890 DATA 13,0,67,76,69,65,82,73,78,71
10900 DATA 32,83,67,82,69,69,78,46,10,13
10910 DATA 0,10,13,82,83,50,51,50,32,73
10920 DATA 78,73,84,73,65,76,73,90,69,68
10930 DATA 10,13,0,10,13,87,65,73,84,73
10940 DATA 78,71,46,46,46,10,13,0,0,10
10950 DATA 13,75,69,89,32,80,82,69,83,83
10960 DATA 69,68,10,13,0,0,128,0,128,0
10970 DATA 255,255,0,62,128,211,35,62,12,211
10980 DATA 32,62,0,211,33,62,3,211,35,62
10990 DATA 0,211,34,62,0,211,33,201,205,236
11000 DATA 3,211,32,201,245,219,37,203,111,40
11010 DATA 250,241,201,126,35,254,0,200,205,230
11020 DATA 3,24,246,62,1,211,36,205,12,4
11030 DATA 175,211,36,219,32,201,245,219,37,203
11040 DATA 71,40,250,241,201,219,37,203,71,201
11050 DATA 245,241,201,245,229,197,219,37,203,103
11060 DATA 40,4,62,66,24,26,203,87,40,4
11070 DATA 62,80,24,18,203,95,40,4,62,70
11080 DATA 24,10,203,79,40,4,62,79,24,2
11090 DATA 62,78,33,2,144,119,193,225,241,201
11100 DATA 203,33,203,33,203,33,65,16,254,201
11110 DATA 123,211,17,122,211,17,201,122,211,16
11120 DATA 201,175,211,16,205,89,4,62,1,211
11130 DATA 16,201,22,226,205,93,4,22,35,205
11140 DATA 89,4,22,2,205,89,4,22,84,205
11150 DATA 89,4,22,224,205,93,4,22,1,205
11160 DATA 89,4,6,10,205,12,14,22,224,205
11170 DATA 93,4,22,3,205,89,4,6,10,205
11180 DATA 12,14,22,1,205,93,4,6,20,205
11190 DATA 12,14,22,230,205,93,4,22,3,205
11200 DATA 89,4,22,51,205,89,4,22,51,205
11210 DATA 89,4,22,176,205,93,4,22,32,205
11220 DATA 89,4,22,0,205,89,4,22,3,205
11230 DATA 89,4,22,31,205,89,4,22,1,205
11240 DATA 89,4,22,223,205,89,4,22,0,205
11250 DATA 89,4,22,180,205,93,4,22,4,205
11260 DATA 89,4,22,31,205,89,4,22,0,205
11270 DATA 89,4,22,210,205,89,4,22,0,205
11280 DATA 89,4,22,0,205,89,4,22,0,205
11290 DATA 89,4,22,0,205,89,4,22,182,205
11300 DATA 93,4,22,2,205,89,4,22,12,205
11310 DATA 89,4,22,0,205,89,4,22,34,205
11320 DATA 89,4,22,0,205,89,4,22,0,205
11330 DATA 89,4,22,0,205,89,4,22,184,205
11340 DATA 93,4,22,15,205,89,4,22,1,205
11350 DATA 89,4,22,186,205,93,4,22,1,205
11360 DATA 89,4,22,54,205,93,4,22,8,205
11370 DATA 89,4,22,240,205,93,4,22,6,205
11380 DATA 89,4,6,5,205,18,14,22,188,205
11390 DATA 93,4,22,64,205,89,4,22,128,205
11400 DATA 89,4,22,64,205,89,4,22,1,205
11410 DATA 89,4,6,5,205,18,14,22,41,205
11420 DATA 93,4,22,190,205,93,4,22,6,205
11430 DATA 89,4,22,240,205,89,4,22,1,205
11440 DATA 89,4,22,240,205,89,4,22,0,205
11450 DATA 89,4,22,0,205,89,4,22,208,205
11460 DATA 93,4,22,13,205,89,4,33,0,0
11470 DATA 229,229,33,31,3,229,33,223,1,229
11480 DATA 205,209,5,33,8,0,57,249,201,221
11490 DATA 33,2,0,221,57,22,42,205,93,4
11500 DATA 221,86,7,205,89,4,221,86,6,205
11510 DATA 89,4,221,86,3,205,89,4,221,86
11520 DATA 2,205,89,4,22,43,205,93,4,221
11530 DATA 86,5,205,89,4,221,86,4,205,89
11540 DATA 4,221,86,1,205,89,4,221,86,0
11550 DATA 205,89,4,22,44,205,93,4,201,84
11560 DATA 205,89,4,85,205,89,4,201,221,33
11570 DATA 2,0,221,57,221,102,3,221,110,2
11580 DATA 221,86,1,221,94,0,229,213,229,213
11590 DATA 205,209,5,33,8,0,57,249,42,1
11600 DATA 147,205,23,6,205,72,6,201,33,0
11610 DATA 0,229,229,33,31,3,229,33,223,1
11620 DATA 229,205,209,5,33,8,0,57,249,201
11630 DATA 221,33,2,0,221,57,221,102,5,221
11640 DATA 110,4,221,86,3,221,94,2,221,70
11650 DATA 1,221,78,0,229,33,0,0,183,237
11660 DATA 66,56,10,175,145,79,159,144,71,225
11670 DATA 237,66,229,225,229,213,9,229,213,205
11680 DATA 209,5,33,8,0,57,249,42,1,147
11690 DATA 205,23,6,11,121,176,32,248,205,72
11700 DATA 6,201,221,33,2,0,221,57,221,86
11710 DATA 5,221,94,4,221,102,3,221,110,2
11720 DATA 221,70,1,221,78,0,229,33,0,0
11730 DATA 183,237,66,56,10,175,145,79,159,144
11740 DATA 71,225,237,66,229,225,213,229,213,9
11750 DATA 229,205,209,5,33,8,0,57,249,42
11760 DATA 1,147,205,23,6,11,121,176,32,248
11770 DATA 205,72,6,201,221,33,2,0,221,57
11780 DATA 221,102,5,221,110,4,221,86,1,221
11790 DATA 94,0,183,237,82,32,26,221,70,7
11800 DATA 221,78,6,197,213,221,102,3,221,110
11810 DATA 2,237,66,229,205,94,6,33,6,0
11820 DATA 57,249,201,221,102,7,221,110,6,221
11830 DATA 86,3,221,94,2,183,237,82,32,26
11840 DATA 213,221,70,5,221,78,4,197,221,102
11850 DATA 1,221,110,0,237,66,229,205,166,6
11860 DATA 33,6,0,57,249,201,56,4,175,61
11870 DATA 24,13,213,225,221,86,7,221,94,6
11880 DATA 183,237,82,62,1,6,0,14,0,197
11890 DATA 229,254,1,40,2,6,255,79,197,221
11900 DATA 102,5,221,110,4,221,86,1,221,94
11910 DATA 0,183,237,82,56,4,175,61,24,15
11920 DATA 213,225,221,86,5,221,94,4,183,237
11930 DATA 82,6,0,62,1,254,1,40,2,6
11940 DATA 255,79,229,197,253,33,0,0,253,57
11950 DATA 253,86,7,253,94,6,183,237,82,218
11960 DATA 65,8,202,65,8,25,68,77,203,56
11970 DATA 203,25,33,0,0,237,66,253,116,9
11980 DATA 253,117,8,221,86,5,221,94,4,221
11990 DATA 102,7,221,110,6,213,221,229,229,213
12000 DATA 229,213,205,209,5,33,8,0,57,249
12010 DATA 42,1,147,205,23,6,221,225,209,221
12020 DATA 102,1,221,110,0,237,82,202,212,8
12030 DATA 253,70,1,253,78,0,235,9,221,116
12040 DATA 5,221,117,4,253,86,9,253,94,8
12050 DATA 253,102,7,253,110,6,25,253,116,9
12060 DATA 253,117,8,235,33,0,0,237,82,48
12070 DATA 168,253,70,5,253,78,4,221,102,7
12080 DATA 221,110,6,9,221,116,7,221,117,6
12090 DATA 253,102,9,253,110,8,253,70,3,253
12100 DATA 78,2,237,66,253,116,9,253,117,8
12110 DATA 195,191,7,25,66,75,203,56,203,25
12120 DATA 33,0,0,237,66,253,116,9,253,117
12130 DATA 8,221,86,5,221,94,4,221,102,7
12140 DATA 221,110,6,229,221,229,229,213,229,213
12150 DATA 205,209,5,33,8,0,57,249,42,1
12160 DATA 147,205,23,6,221,225,209,221,102,3
12170 DATA 221,110,2,237,82,40,83,235,253,70
12180 DATA 5,253,78,4,9,221,116,7,221,117
12190 DATA 6,253,86,9,253,94,8,253,102,3
12200 DATA 253,110,2,25,253,116,9,253,117,8
12210 DATA 235,33,0,0,237,82,48,169,253,70
12220 DATA 1,253,78,0,221,102,5,221,110,4
12230 DATA 9,221,116,5,221,117,4,253,102,9
12240 DATA 253,110,8,253,70,7,253,78,6,237
12250 DATA 66,253,116,9,253,117,8,195,83,8
12260 DATA 33,10,0,57,249,201,254,8,202,236
12270 DATA 8,254,10,200,254,13,32,58,33,5
12280 DATA 147,195,145,9,33,5,147,126,56,5
12290 DATA 254,1,200,53,201,254,1,40,10,53
12300 DATA 229,62,32,205,32,9,225,53,183,221
12310 DATA 33,2,0,221,57,221,102,1,221,110
12320 DATA 0,62,0,40,2,43,119,43,119,221
12330 DATA 116,1,221,117,0,201,245,50,7,147
12340 DATA 58,5,147,6,8,22,0,95,33,0
12350 DATA 0,183,237,90,16,252,229,17,8,0
12360 DATA 237,90,43,229,58,6,147,6,10,22
12370 DATA 0,95,33,0,0,237,90,16,252,209
12380 DATA 229,213,17,10,0,237,90,43,229,205
12390 DATA 209,5,33,8,0,57,249,241,33,0
12400 DATA 15,22,0,95,237,90,229,209,14,10
12410 DATA 26,6,8,203,39,56,5,42,3,147
12420 DATA 24,3,42,1,147,245,213,205,23,6
12430 DATA 209,241,16,235,20,13,32,228,33,5
12440 DATA 147,126,60,254,80,40,2,119,201,175
12450 DATA 119,35,126,60,254,47,32,1,175,119
12460 DATA 201,42,3,147,24,3,42,1,147,229
12470 DATA 58,5,147,6,8,22,0,95,33,0
12480 DATA 0,183,237,90,16,252,229,1,8,0
12490 DATA 237,74,43,229,58,6,147,6,10,22
12500 DATA 0,95,33,0,0,237,90,16,252,14
12510 DATA 8,6,0,237,74,209,229,213,35,229
12520 DATA 205,209,5,33,8,0,57,249,225,6
12530 DATA 16,205,23,6,16,251,201,205,72,6
12540 DATA 42,3,147,6,223,14,2,197,6,31
12550 DATA 14,4,205,23,6,16,251,13,32,248
12560 DATA 193,16,240,13,32,237,33,0,0,34
12570 DATA 5,147,201,205,0,0,217,253,126,0
12580 DATA 254,13,40,44,254,44,32,83,229,253
12590 DATA 35,205,0,0,217,209,123,214,128,56
12600 DATA 7,95,221,33,46,147,24,4,221,33
12610 DATA 14,147,123,254,15,48,54,221,25,221
12620 DATA 25,221,117,0,221,116,1,201,229,209
12630 DATA 123,214,128,56,10,95,221,33,46,147
12640 DATA 33,3,147,24,7,221,33,14,147,33
12650 DATA 1,147,123,254,15,48,14,221,25,221
12660 DATA 25,221,86,0,221,94,1,114,35,115
12670 DATA 201,175,205,0,0,112,97,114,97,109
12680 DATA 32,101,114,114,111,114,0,205,233,9
12690 DATA 195,147,10,62,65,205,218,8,33,5
12700 DATA 147,52,62,66,205,218,8,33,10,0
12710 DATA 1,210,0,197,229,229,197,205,238,6
12720 DATA 33,8,0,57,249,33,10,0,1,210
12730 DATA 0,229,229,197,197,205,238,6,33,8
12740 DATA 0,57,249,33,10,0,1,210,0,229
12750 DATA 229,197,229,205,238,6,33,8,0,57
12760 DATA 249,33,10,0,1,210,0,229,229,229
12770 DATA 197,205,238,6,33,8,0,57,249,201
12780 DATA 33,4,144,62,12,119,175,211,65,62
12790 DATA 48,211,64,205,31,14,205,31,14,205
12800 DATA 31,14,205,31,14,6,2,62,48,211
12810 DATA 64,205,31,14,16,247,62,56,205,29
12820 DATA 11,62,15,205,29,11,62,1,205,29
12830 DATA 11,201,245,175,211,65,219,64,23,56
12840 DATA 251,241,211,65,201,245,175,205,16,11
12850 DATA 241,211,64,201,245,62,3,205,16,11
12860 DATA 241,211,64,201,229,205,54,11,225,201
12870 DATA 126,35,254,0,200,205,38,11,24,240
12880 DATA 229,245,62,1,205,29,11,175,33,5
12890 DATA 144,119,35,119,241,225,201,229,245,62
12900 DATA 2,205,29,11,175,33,5,144,119,35
12910 DATA 119,241,225,201,229,245,213,33,5,144
12920 DATA 126,87,35,126,95,62,128,130,203,35
12930 DATA 203,35,203,35,203,35,203,35,131,205
12940 DATA 29,11,209,241,225,201,245,62,128,205
12950 DATA 29,11,241,201,245,62,192,205,29,11
12960 DATA 241,201,245,126,203,223,230,15,205,29
12970 DATA 11,241,201,229,33,4,144,203,206,205
12980 DATA 146,11,225,201,229,33,4,144,203,142
12990 DATA 205,146,11,225,201,229,33,4,144,203
13000 DATA 214,205,146,11,225,201,229,33,4,144
13010 DATA 203,150,205,146,11,225,201,229,33,4
13020 DATA 144,203,198,205,146,11,225,201,229,33
13030 DATA 4,144,203,134,205,146,11,225,201,245
13040 DATA 62,16,205,29,11,241,201,245,62,20
13050 DATA 205,29,11,241,201,245,62,24,205,29
13060 DATA 11,241,201,245,62,28,205,29,11,241
13070 DATA 201,219,6,203,111,40,250,219,70,211
13080 DATA 71,201,219,6,203,111,40,3,62,1
13090 DATA 201,175,201,205,31,12,254,0,200,205
13100 DATA 220,12,201,205,255,11,254,225,204,70
13110 DATA 12,254,240,204,132,12,254,224,204,80
13120 DATA 12,254,18,204,175,12,254,89,204,175
13130 DATA 12,254,20,204,184,12,254,17,204,193
13140 DATA 12,201,205,255,11,254,240,200,205,255
13150 DATA 11,201,205,255,11,254,107,200,254,114
13160 DATA 200,254,116,200,254,117,200,254,112,200
13170 DATA 254,108,200,254,125,200,254,122,200,254
13180 DATA 105,200,254,113,200,254,90,200,254,17
13190 DATA 200,254,20,200,254,240,194,130,12,205
13200 DATA 255,11,175,201,205,255,11,254,18,204
13210 DATA 157,12,254,20,204,163,12,254,17,204
13220 DATA 169,12,254,89,204,157,12,175,201,33
13230 DATA 1,144,203,182,201,33,1,144,203,190
13240 DATA 201,33,1,144,203,174,201,33,1,144
13250 DATA 62,64,174,119,175,201,33,1,144,62
13260 DATA 128,174,119,175,201,33,1,144,62,32
13270 DATA 174,119,175,201,33,250,12,6,0,79
13280 DATA 9,126,33,1,144,70,203,112,200,198
13290 DATA 32,201,33,124,13,6,0,79,9,126
13300 DATA 254,0,200,33,1,144,203,110,40,4
13310 DATA 6,192,24,6,79,126,230,192,71,121
13320 DATA 176,201,0,0,0,0,0,0,0,0
13330 DATA 0,0,0,0,0,0,96,0,0,0
13340 DATA 0,0,0,81,49,0,0,0,90,83
13350 DATA 65,87,50,0,0,67,88,68,69,52
13360 DATA 51,0,0,32,86,70,84,82,53,0
13370 DATA 0,78,66,72,71,89,54,0,0,0
13380 DATA 77,74,85,55,56,0,0,44,75,73
13390 DATA 79,48,57,0,0,46,47,76,59,80
13400 DATA 45,0,0,0,39,0,91,61,0,0
13410 DATA 0,0,13,93,0,0,0,0,0,0
13420 DATA 0,0,0,0,0,0,0,0,0,0
13430 DATA 0,0,0,0,0,0,0,0,0,0
13440 DATA 0,0,0,0,51,0,42,57,0,0
13450 DATA 0,0,0,0,0,0,0,0,0,0
13460 DATA 0,0,0,0,0,164,0,0,0,0
13470 DATA 0,0,0,14,9,0,0,0,60,45
13480 DATA 46,13,8,0,0,58,59,44,12,6
13490 DATA 7,0,0,15,57,43,10,11,5,0
13500 DATA 0,52,56,41,42,37,4,0,0,0
13510 DATA 53,51,35,3,19,0,0,54,62,36
13520 DATA 38,21,20,0,0,55,47,39,40,26
13530 DATA 28,0,0,0,67,0,86,27,0,0
13540 DATA 0,0,30,0,0,0,0,0,0,0
13550 DATA 0,0,0,0,64,0,0,154,0,2
13560 DATA 63,0,0,0,61,165,34,0,18,50
13570 DATA 31,25,0,29,7,28,24,20,0,0
13580 DATA 0,0,201,245,213,17,1,0,27,122
13590 DATA 179,32,251,209,241,201,205,255,13,16
13600 DATA 251,201,245,213,17,44,1,27,122,179
13610 DATA 32,251,209,241,201,6,80,205,18,14
13620 DATA 16,251,201,245,213,205,50,14,209,205
13630 DATA 73,14,241,201,1,0,16,17,0,0
13640 DATA 41,123,143,39,95,122,143,39,87,121
13650 DATA 143,39,79,16,241,235,201,121,205,96
13660 DATA 14,121,205,100,14,124,205,96,14,124
13670 DATA 205,100,14,125,205,96,14,125,24,4
13680 DATA 31,31,31,31,230,15,198,144,39,206
13690 DATA 64,39,18,19,201,0,0,0,0,0
13700 DATA 0,0,0,0,0,0,0,0,0,0
13710 DATA 0,0,0,0,0,0,0,0,0,0
13720 DATA 0,0,0,0,0,0,0,0,0,0
13730 DATA 0,0,0,0,0,0,0,0,0,0
13740 DATA 0,0,0,0,0,0,0,0,0,0
13750 DATA 0,0,0,0,0,0,0,0,0,0
13760 DATA 0,0,0,0,0,0,0,0,0,0
13770 DATA 0,0,0,0,0,0,0,0,0,0
13780 DATA 0,0,0,0,0,0,0,0,0,0
13790 DATA 0,0,0,0,0,0,0,0,0,0
13800 DATA 0,0,0,0,0,0,0,0,0,0
13810 DATA 0,0,0,0,0,0,0,0,0,0
13820 DATA 0,0,0,0,0,0,0,0,0,0
13830 DATA 0,0,0,0,0,0,0,0,0,0
13840 DATA 0,0,0,0,0,0,0,0,0,0
13850 DATA 0,0,0,0,0,0,0,0,0,0
13860 DATA 0,0,0,0,0,0,0,0,0,0
13870 DATA 0,0,0,0,0,0,0,0,0,0
13880 DATA 0,0,0,0,0,0,0,0,0,0
13890 DATA 0,0,0,0,0,0,0,0,0,0
13900 DATA 0,0,0,0,0,0,0,0,0,0
