10 Reserve top-0
20 For i=0 to 2048
30 Read a:poke 0+i,a
40 next i
50 ?"type CALL TOP to run your code."
100 END
10000 DATA 195,116,0,195,18,0,195,36,0,195
10010 DATA 40,0,195,44,0,195,221,0,229,213
10020 DATA 197,205,184,5,193,209,225,254,0,192
10030 DATA 203,182,35,126,43,201,205,25,4,201
10040 DATA 205,50,4,201,213,66,5,5,17,17
10050 DATA 0,25,175,17,245,0,18,19,18,205
10060 DATA 5,5,27,14,0,126,203,127,40,6
10070 DATA 245,121,18,241,203,191,205,201,4,43
10080 DATA 12,16,238,205,5,5,209,201,245,38
10090 DATA 0,111,17,0,149,205,185,7,62,10
10100 DATA 18,19,62,13,18,19,175,18,33,0
10110 DATA 149,205,40,4,241,201,243,6,5,14
10120 DATA 0,62,0,237,121,14,0,62,255,237
10130 DATA 121,16,242,17,1,0,62,0,79,33
10140 DATA 0,144,6,8,119,78,185,194,173,0
10150 DATA 25,198,32,79,16,244,6,5,14,16
10160 DATA 62,64,237,121,198,128,237,121,16,244
10170 DATA 195,182,0,14,8,62,64,237,121,195
10180 DATA 173,0,237,86,243,49,255,255,205,0
10190 DATA 4,33,194,3,205,40,4,33,175,3
10200 DATA 205,40,4,205,161,7,33,22,3,205
10210 DATA 161,7,205,162,7,205,162,7,205,145
10220 DATA 1,33,106,3,205,40,4,33,216,3
10230 DATA 205,40,4,205,163,1,205,227,4,33
10240 DATA 22,3,205,211,4,205,167,1,33,189
10250 DATA 2,62,2,205,161,7,205,66,1,254
10260 DATA 85,204,209,1,254,88,202,180,1,254
10270 DATA 84,204,138,2,254,83,204,188,2,254
10280 DATA 78,202,3,224,254,77,202,110,1,254
10290 DATA 67,204,145,1,254,86,204,154,1,254
10300 DATA 73,204,32,2,254,89,204,160,2,254
10310 DATA 72,204,175,2,254,74,204,82,2,195
10320 DATA 221,0,175,205,72,4,40,4,205,50
10330 DATA 4,201,205,173,5,254,0,40,239,205
10340 DATA 194,5,254,0,202,66,1,205,109,6
10350 DATA 245,205,25,4,62,10,205,25,4,62
10360 DATA 13,205,25,4,241,201,205,45,5,33
10370 DATA 128,1,205,211,4,205,75,5,205,108
10380 DATA 5,195,21,160,60,60,32,67,68,69
10390 DATA 83,80,32,50,48,49,54,32,62,62
10400 DATA 0,229,33,249,0,203,214,225,24,13
10410 DATA 229,33,249,0,203,150,225,24,4,175
10420 DATA 211,7,201,229,33,249,0,126,211,7
10430 DATA 62,5,211,9,225,201,205,227,4,205
10440 DATA 45,5,33,61,3,205,211,4,205,37
10450 DATA 5,62,5,205,161,7,17,247,0,26
10460 DATA 111,19,26,103,233,205,163,1,33,48
10470 DATA 3,205,45,5,205,211,4,205,50,4
10480 DATA 111,205,50,4,103,205,50,4,79,205
10490 DATA 50,4,71,17,247,0,125,18,19,124
10500 DATA 18,254,128,40,2,56,2,211,124,229
10510 DATA 205,50,4,119,35,11,120,177,32,246
10520 DATA 211,125,33,33,3,205,227,4,205,211
10530 DATA 4,62,5,205,161,7,205,162,7,225
10540 DATA 205,167,1,201,205,163,1,33,48,3
10550 DATA 205,45,5,205,211,4,205,50,4,111
10560 DATA 205,50,4,103,205,50,4,79,205,50
10570 DATA 4,71,17,247,0,125,18,19,124,18
10580 DATA 205,50,4,119,35,11,120,177,32,246
10590 DATA 205,167,1,201,205,163,1,205,50,4
10600 DATA 111,205,50,4,103,205,50,4,79,205
10610 DATA 50,4,71,126,205,25,4,35,11,120
10620 DATA 177,32,246,205,167,1,201,219,71,254
10630 DATA 0,40,250,254,255,40,246,254,1,202
10640 DATA 115,2,205,25,4,205,175,7,24,233
10650 DATA 0,6,10,197,205,50,4,205,25,4
10660 DATA 62,32,62,82,205,175,7,193,16,239
10670 DATA 175,201,0,6,255,197,205,50,4,205
10680 DATA 25,4,193,16,246,175,201,0,6,255
10690 DATA 197,120,205,25,4,193,16,248,175,201
10700 DATA 201,85,73,58,85,80,44,88,58,82
10710 DATA 85,78,44,84,89,72,58,82,83,44
10720 DATA 83,58,68,73,83,80,44,78,77,58
10730 DATA 78,66,82,79,77,44,67,86,58,84
10740 DATA 86,44,32,74,58,68,78,0,76,67
10750 DATA 68,32,73,78,73,84,73,65,76,73
10760 DATA 90,69,68,0,82,83,50,51,50,32
10770 DATA 73,78,73,84,0,80,82,79,71,82
10780 DATA 65,77,32,72,65,76,84,69,68,0
10790 DATA 87,65,73,84,73,78,71,46,46,46
10800 DATA 0,80,82,71,32,84,82,65,78,83
10810 DATA 70,69,82,69,68,0,82,69,67,69
10820 DATA 73,86,73,78,71,46,46,46,0,80
10830 DATA 82,71,32,69,88,69,67,85,84,69
10840 DATA 0,73,77,65,71,69,32,67,79,80
10850 DATA 89,0,78,69,87,66,82,65,73,78
10860 DATA 32,83,67,82,69,69,78,32,82,69
10870 DATA 65,68,89,0,85,58,85,80,44,88
10880 DATA 58,82,85,78,44,84,58,82,83,44
10890 DATA 83,58,68,73,83,80,44,78,58,78
10900 DATA 66,82,79,77,44,67,58,84,86,79
10910 DATA 78,44,86,58,84,86,79,70,70,10
10920 DATA 13,0,78,69,87,66,82,65,73,78
10930 DATA 32,66,79,79,84,69,68,32,79,75
10940 DATA 10,13,0,67,76,69,65,82,73,78
10950 DATA 71,32,83,67,82,69,69,78,46,10
10960 DATA 13,0,10,13,82,83,50,51,50,32
10970 DATA 73,78,73,84,73,65,76,73,90,69
10980 DATA 68,10,13,0,10,13,87,65,73,84
10990 DATA 73,78,71,46,46,46,10,13,0,0
11000 DATA 10,13,75,69,89,32,80,82,69,83
11010 DATA 83,69,68,10,13,0,0,128,0,128
11020 DATA 0,255,255,0,62,128,211,35,62,12
11030 DATA 211,32,62,0,211,33,62,3,211,35
11040 DATA 62,0,211,34,62,0,211,33,201,205
11050 DATA 31,4,211,32,201,245,219,37,203,111
11060 DATA 40,250,241,201,126,35,254,0,200,205
11070 DATA 25,4,24,246,62,1,211,36,205,63
11080 DATA 4,175,211,36,219,32,201,245,219,37
11090 DATA 203,71,40,250,241,201,219,37,203,71
11100 DATA 201,245,241,201,245,229,197,219,37,203
11110 DATA 103,40,4,62,66,24,26,203,87,40
11120 DATA 4,62,80,24,18,203,95,40,4,62
11130 DATA 70,24,10,203,79,40,4,62,79,24
11140 DATA 2,62,78,33,242,0,119,193,225,241
11150 DATA 201,33,244,0,62,12,119,175,211,65
11160 DATA 62,48,211,64,205,175,7,205,175,7
11170 DATA 205,175,7,205,175,7,6,2,62,48
11180 DATA 211,64,205,175,7,16,247,62,56,205
11190 DATA 192,4,62,15,205,192,4,62,1,205
11200 DATA 192,4,201,245,175,211,65,219,64,23
11210 DATA 56,251,241,211,65,201,245,175,205,179
11220 DATA 4,241,211,64,201,245,62,3,205,179
11230 DATA 4,241,211,64,201,229,205,217,4,225
11240 DATA 201,126,35,254,0,200,205,201,4,24
11250 DATA 240,229,245,62,1,205,192,4,175,33
11260 DATA 245,0,119,35,119,241,225,201,229,245
11270 DATA 62,2,205,192,4,175,33,245,0,119
11280 DATA 35,119,241,225,201,229,245,213,33,245
11290 DATA 0,126,87,35,126,95,62,128,130,203
11300 DATA 35,203,35,203,35,203,35,203,35,131
11310 DATA 205,192,4,209,241,225,201,245,62,128
11320 DATA 205,192,4,241,201,245,62,192,205,192
11330 DATA 4,241,201,245,126,203,223,230,15,205
11340 DATA 192,4,241,201,229,33,244,0,203,206
11350 DATA 205,53,5,225,201,229,33,244,0,203
11360 DATA 142,205,53,5,225,201,229,33,244,0
11370 DATA 203,214,205,53,5,225,201,229,33,244
11380 DATA 0,203,150,205,53,5,225,201,229,33
11390 DATA 244,0,203,198,205,53,5,225,201,229
11400 DATA 33,244,0,203,134,205,53,5,225,201
11410 DATA 245,62,16,205,192,4,241,201,245,62
11420 DATA 20,205,192,4,241,201,245,62,24,205
11430 DATA 192,4,241,201,245,62,28,205,192,4
11440 DATA 241,201,219,6,203,111,40,250,219,70
11450 DATA 211,71,201,219,6,203,111,40,3,62
11460 DATA 1,201,175,201,205,194,5,254,0,200
11470 DATA 205,127,6,201,205,162,5,254,225,204
11480 DATA 233,5,254,240,204,39,6,254,224,204
11490 DATA 243,5,254,18,204,82,6,254,89,204
11500 DATA 82,6,254,20,204,91,6,254,17,204
11510 DATA 100,6,201,205,162,5,254,240,200,205
11520 DATA 162,5,201,205,162,5,254,107,200,254
11530 DATA 114,200,254,116,200,254,117,200,254,112
11540 DATA 200,254,108,200,254,125,200,254,122,200
11550 DATA 254,105,200,254,113,200,254,90,200,254
11560 DATA 17,200,254,20,200,254,240,194,37,6
11570 DATA 205,162,5,175,201,205,162,5,254,18
11580 DATA 204,64,6,254,20,204,70,6,254,17
11590 DATA 204,76,6,254,89,204,64,6,175,201
11600 DATA 33,241,0,203,182,201,33,241,0,203
11610 DATA 190,201,33,241,0,203,174,201,33,241
11620 DATA 0,62,64,174,119,175,201,33,241,0
11630 DATA 62,128,174,119,175,201,33,241,0,62
11640 DATA 32,174,119,175,201,33,157,6,6,0
11650 DATA 79,9,126,33,241,0,70,203,112,200
11660 DATA 198,32,201,33,31,7,6,0,79,9
11670 DATA 126,254,0,200,33,241,0,203,110,40
11680 DATA 4,6,192,24,6,79,126,230,192,71
11690 DATA 121,176,201,0,0,0,0,0,0,0
11700 DATA 0,0,0,0,0,0,0,96,0,0
11710 DATA 0,0,0,0,81,49,0,0,0,90
11720 DATA 83,65,87,50,0,0,67,88,68,69
11730 DATA 52,51,0,0,32,86,70,84,82,53
11740 DATA 0,0,78,66,72,71,89,54,0,0
11750 DATA 0,77,74,85,55,56,0,0,44,75
11760 DATA 73,79,48,57,0,0,46,47,76,59
11770 DATA 80,45,0,0,0,39,0,91,61,0
11780 DATA 0,0,0,13,93,0,0,0,0,0
11790 DATA 0,0,0,0,0,0,0,0,0,0
11800 DATA 0,0,0,0,0,0,0,0,0,0
11810 DATA 0,0,0,0,0,51,0,42,57,0
11820 DATA 0,0,0,0,0,0,0,0,0,0
11830 DATA 0,0,0,0,0,0,164,0,0,0
11840 DATA 0,0,0,0,14,9,0,0,0,60
11850 DATA 45,46,13,8,0,0,58,59,44,12
11860 DATA 6,7,0,0,15,57,43,10,11,5
11870 DATA 0,0,52,56,41,42,37,4,0,0
11880 DATA 0,53,51,35,3,19,0,0,54,62
11890 DATA 36,38,21,20,0,0,55,47,39,40
11900 DATA 26,28,0,0,0,67,0,86,27,0
11910 DATA 0,0,0,30,0,0,0,0,0,0
11920 DATA 0,0,0,0,0,64,0,0,154,0
11930 DATA 2,63,0,0,0,61,165,34,0,18
11940 DATA 50,31,25,0,29,7,28,24,20,0
11950 DATA 0,0,0,201,245,213,17,100,0,27
11960 DATA 122,179,32,251,209,241,201,197,6,80
11970 DATA 205,162,7,16,251,193,201,245,213,205
11980 DATA 196,7,209,205,219,7,241,201,1,0
11990 DATA 16,17,0,0,41,123,143,39,95,122
12000 DATA 143,39,87,121,143,39,79,16,241,235
12010 DATA 201,121,205,242,7,121,205,246,7,124
12020 DATA 205,242,7,124,205,246,7,125,205,242
12030 DATA 7,125,24,4,31,31,31,31,230,15
