10 Reserve top-0
20 For i=0 to 3835
30 Read a:poke 0+i,a
40 next i
50 ?"type CALL TOP to run your code."
100 END
10000 DATA 195,116,0,195,18,0,195,36,0,195
10010 DATA 40,0,195,44,0,195,237,0,229,213
10020 DATA 197,205,91,12,193,209,225,254,0,192
10030 DATA 203,182,35,126,43,201,205,24,4,201
10040 DATA 205,49,4,201,213,66,5,5,17,17
10050 DATA 0,25,175,17,5,144,18,19,18,205
10060 DATA 168,11,27,14,0,126,203,127,40,6
10070 DATA 245,121,18,241,203,191,205,108,11,43
10080 DATA 12,16,238,205,168,11,209,201,245,38
10090 DATA 0,111,17,0,149,205,102,14,62,10
10100 DATA 18,19,62,13,18,19,175,18,33,0
10110 DATA 149,205,39,4,241,201,243,6,5,14
10120 DATA 0,62,0,237,121,14,0,62,255,237
10130 DATA 121,16,242,17,1,0,62,0,79,33
10140 DATA 0,144,6,8,119,78,185,194,173,0
10150 DATA 25,198,32,79,16,244,6,5,14,8
10160 DATA 62,64,237,121,198,128,237,121,16,244
10170 DATA 195,182,0,14,56,62,64,237,121,195
10180 DATA 173,0,237,86,243,49,240,255,205,255
10190 DATA 3,33,193,3,205,39,4,205,148,4
10200 DATA 33,63,0,34,3,131,33,192,255,34
10210 DATA 1,131,33,174,3,205,39,4,205,17
10220 DATA 10,62,1,50,5,131,62,22,50,6
10230 DATA 131,33,235,2,205,53,10,33,105,3
10240 DATA 205,39,4,33,215,3,205,39,4,33
10250 DATA 188,2,62,30,50,5,131,62,2,50
10260 DATA 6,131,205,53,10,205,65,1,254,85
10270 DATA 204,208,1,254,88,202,179,1,254,84
10280 DATA 204,137,2,254,83,204,187,2,254,73
10290 DATA 204,31,2,254,89,204,159,2,254,72
10300 DATA 204,174,2,254,74,204,81,2,254,67
10310 DATA 204,17,10,254,76,204,179,10,195,237
10320 DATA 0,175,205,71,4,40,4,205,49,4
10330 DATA 201,205,80,12,254,0,40,239,205,101
10340 DATA 12,254,0,202,65,1,205,16,13,245
10350 DATA 205,24,4,62,10,205,24,4,62,13
10360 DATA 205,24,4,241,201,205,208,11,33,127
10370 DATA 1,205,118,11,205,238,11,205,15,12
10380 DATA 195,21,160,60,60,32,67,68,69,83
10390 DATA 80,32,50,48,49,54,32,62,62,0
10400 DATA 229,33,9,144,203,214,225,24,13,229
10410 DATA 33,9,144,203,150,225,24,4,175,211
10420 DATA 7,201,229,33,9,144,126,211,7,62
10430 DATA 5,211,9,225,201,205,134,11,205,208
10440 DATA 11,33,60,3,205,118,11,205,200,11
10450 DATA 62,5,205,68,14,17,7,144,26,111
10460 DATA 19,26,103,233,205,162,1,33,47,3
10470 DATA 205,208,11,205,118,11,205,49,4,111
10480 DATA 205,49,4,103,205,49,4,79,205,49
10490 DATA 4,71,17,7,144,125,18,19,124,18
10500 DATA 254,128,40,2,56,2,211,124,229,205
10510 DATA 49,4,119,35,11,120,177,32,246,211
10520 DATA 125,33,32,3,205,134,11,205,118,11
10530 DATA 62,5,205,68,14,205,81,14,225,205
10540 DATA 166,1,201,205,162,1,33,47,3,205
10550 DATA 208,11,205,118,11,205,49,4,111,205
10560 DATA 49,4,103,205,49,4,79,205,49,4
10570 DATA 71,17,7,144,125,18,19,124,18,205
10580 DATA 49,4,119,35,11,120,177,32,246,205
10590 DATA 166,1,201,205,162,1,205,49,4,111
10600 DATA 205,49,4,103,205,49,4,79,205,49
10610 DATA 4,71,126,205,24,4,35,11,120,177
10620 DATA 32,246,205,166,1,201,219,71,254,0
10630 DATA 40,250,254,255,40,246,254,1,202,114
10640 DATA 2,205,24,4,205,94,14,24,233,0
10650 DATA 6,10,197,205,49,4,205,24,4,62
10660 DATA 32,62,82,205,94,14,193,16,239,175
10670 DATA 201,0,6,255,197,205,49,4,205,24
10680 DATA 4,193,16,246,175,201,0,6,255,197
10690 DATA 120,205,24,4,193,16,248,175,201,201
10700 DATA 85,73,58,85,80,44,88,58,82,85
10710 DATA 78,44,84,89,72,58,82,83,44,83
10720 DATA 58,68,73,83,80,44,78,77,58,78
10730 DATA 66,82,79,77,44,67,86,58,84,86
10740 DATA 44,32,74,58,68,78,0,76,67,68
10750 DATA 32,73,78,73,84,73,65,76,73,90
10760 DATA 69,68,0,82,83,50,51,50,32,73
10770 DATA 78,73,84,0,80,82,79,71,82,65
10780 DATA 77,32,72,65,76,84,69,68,0,87
10790 DATA 65,73,84,73,78,71,46,46,46,0
10800 DATA 80,82,71,32,84,82,65,78,83,70
10810 DATA 69,82,69,68,0,82,69,67,69,73
10820 DATA 86,73,78,71,46,46,46,0,80,82
10830 DATA 71,32,69,88,69,67,85,84,69,0
10840 DATA 73,77,65,71,69,32,67,79,80,89
10850 DATA 0,78,69,87,66,82,65,73,78,32
10860 DATA 83,67,82,69,69,78,32,82,69,65
10870 DATA 68,89,0,85,58,85,80,44,88,58
10880 DATA 82,85,78,44,84,58,82,83,44,83
10890 DATA 58,68,73,83,80,44,78,58,78,66
10900 DATA 82,79,77,44,67,58,84,86,79,78
10910 DATA 44,86,58,84,86,79,70,70,10,13
10920 DATA 0,78,69,87,66,82,65,73,78,32
10930 DATA 66,79,79,84,69,68,32,79,75,10
10940 DATA 13,0,67,76,69,65,82,73,78,71
10950 DATA 32,83,67,82,69,69,78,46,10,13
10960 DATA 0,10,13,82,83,50,51,50,32,73
10970 DATA 78,73,84,73,65,76,73,90,69,68
10980 DATA 10,13,0,10,13,87,65,73,84,73
10990 DATA 78,71,46,46,46,10,13,0,0,10
11000 DATA 13,75,69,89,32,80,82,69,83,83
11010 DATA 69,68,10,13,0,0,128,0,128,0
11020 DATA 255,255,0,62,128,211,35,62,12,211
11030 DATA 32,62,0,211,33,62,3,211,35,62
11040 DATA 0,211,34,62,0,211,33,201,205,30
11050 DATA 4,211,32,201,245,219,37,203,111,40
11060 DATA 250,241,201,126,35,254,0,200,205,24
11070 DATA 4,24,246,62,1,211,36,205,62,4
11080 DATA 175,211,36,219,32,201,245,219,37,203
11090 DATA 71,40,250,241,201,219,37,203,71,201
11100 DATA 245,241,201,245,229,197,219,37,203,103
11110 DATA 40,4,62,66,24,26,203,87,40,4
11120 DATA 62,80,24,18,203,95,40,4,62,70
11130 DATA 24,10,203,79,40,4,62,79,24,2
11140 DATA 62,78,33,2,144,119,193,225,241,201
11150 DATA 123,211,17,122,211,17,201,122,211,16
11160 DATA 201,175,211,16,205,129,4,62,1,211
11170 DATA 16,201,22,226,205,133,4,22,35,205
11180 DATA 129,4,22,2,205,129,4,22,84,205
11190 DATA 129,4,22,224,205,133,4,22,1,205
11200 DATA 129,4,6,10,205,75,14,22,224,205
11210 DATA 133,4,22,3,205,129,4,6,10,205
11220 DATA 75,14,22,1,205,133,4,6,20,205
11230 DATA 75,14,22,230,205,133,4,22,3,205
11240 DATA 129,4,22,51,205,129,4,22,51,205
11250 DATA 129,4,22,176,205,133,4,22,32,205
11260 DATA 129,4,22,0,205,129,4,22,3,205
11270 DATA 129,4,22,31,205,129,4,22,1,205
11280 DATA 129,4,22,223,205,129,4,22,0,205
11290 DATA 129,4,22,180,205,133,4,22,4,205
11300 DATA 129,4,22,31,205,129,4,22,0,205
11310 DATA 129,4,22,210,205,129,4,22,0,205
11320 DATA 129,4,22,0,205,129,4,22,0,205
11330 DATA 129,4,22,0,205,129,4,22,182,205
11340 DATA 133,4,22,2,205,129,4,22,12,205
11350 DATA 129,4,22,0,205,129,4,22,34,205
11360 DATA 129,4,22,0,205,129,4,22,0,205
11370 DATA 129,4,22,0,205,129,4,22,184,205
11380 DATA 133,4,22,15,205,129,4,22,1,205
11390 DATA 129,4,22,186,205,133,4,22,1,205
11400 DATA 129,4,22,54,205,133,4,22,8,205
11410 DATA 129,4,22,240,205,133,4,22,6,205
11420 DATA 129,4,6,5,205,75,14,22,188,205
11430 DATA 133,4,22,64,205,129,4,22,128,205
11440 DATA 129,4,22,64,205,129,4,22,1,205
11450 DATA 129,4,6,5,205,75,14,22,41,205
11460 DATA 133,4,22,190,205,133,4,22,6,205
11470 DATA 129,4,22,240,205,129,4,22,1,205
11480 DATA 129,4,22,240,205,129,4,22,0,205
11490 DATA 129,4,22,0,205,129,4,22,208,205
11500 DATA 133,4,22,13,205,129,4,33,0,0
11510 DATA 229,229,33,31,3,229,33,223,1,229
11520 DATA 205,249,5,33,8,0,57,249,201,221
11530 DATA 33,2,0,221,57,22,42,205,133,4
11540 DATA 221,86,7,205,129,4,221,86,6,205
11550 DATA 129,4,221,86,3,205,129,4,221,86
11560 DATA 2,205,129,4,22,43,205,133,4,221
11570 DATA 86,5,205,129,4,221,86,4,205,129
11580 DATA 4,221,86,1,205,129,4,221,86,0
11590 DATA 205,129,4,22,44,205,133,4,201,84
11600 DATA 205,129,4,85,205,129,4,201,221,33
11610 DATA 2,0,221,57,221,102,3,221,110,2
11620 DATA 221,86,1,221,94,0,229,213,229,213
11630 DATA 205,249,5,33,8,0,57,249,42,1
11640 DATA 131,205,63,6,205,112,6,201,33,0
11650 DATA 0,229,229,33,31,3,229,33,223,1
11660 DATA 229,205,249,5,33,8,0,57,249,201
11670 DATA 221,33,2,0,221,57,221,102,5,221
11680 DATA 110,4,221,86,3,221,94,2,221,70
11690 DATA 1,221,78,0,229,33,0,0,183,237
11700 DATA 66,56,10,175,145,79,159,144,71,225
11710 DATA 237,66,229,225,229,213,9,229,213,205
11720 DATA 249,5,33,8,0,57,249,42,1,131
11730 DATA 205,63,6,11,121,176,32,248,205,112
11740 DATA 6,201,221,33,2,0,221,57,221,86
11750 DATA 5,221,94,4,221,102,3,221,110,2
11760 DATA 221,70,1,221,78,0,229,33,0,0
11770 DATA 183,237,66,56,10,175,145,79,159,144
11780 DATA 71,225,237,66,229,225,213,229,213,9
11790 DATA 229,205,249,5,33,8,0,57,249,42
11800 DATA 1,131,205,63,6,11,121,176,32,248
11810 DATA 205,112,6,201,221,33,2,0,221,57
11820 DATA 221,102,5,221,110,4,221,86,1,221
11830 DATA 94,0,183,237,82,32,26,221,70,7
11840 DATA 221,78,6,197,213,221,102,3,221,110
11850 DATA 2,237,66,229,205,134,6,33,6,0
11860 DATA 57,249,201,221,102,7,221,110,6,221
11870 DATA 86,3,221,94,2,183,237,82,32,26
11880 DATA 213,221,70,5,221,78,4,197,221,102
11890 DATA 1,221,110,0,237,66,229,205,206,6
11900 DATA 33,6,0,57,249,201,56,4,175,61
11910 DATA 24,13,213,225,221,86,7,221,94,6
11920 DATA 183,237,82,62,1,6,0,14,0,197
11930 DATA 229,254,1,40,2,6,255,79,197,221
11940 DATA 102,5,221,110,4,221,86,1,221,94
11950 DATA 0,183,237,82,56,4,175,61,24,15
11960 DATA 213,225,221,86,5,221,94,4,183,237
11970 DATA 82,6,0,62,1,254,1,40,2,6
11980 DATA 255,79,229,197,253,33,0,0,253,57
11990 DATA 253,86,7,253,94,6,183,237,82,218
12000 DATA 105,8,202,105,8,25,68,77,203,56
12010 DATA 203,25,33,0,0,237,66,253,116,9
12020 DATA 253,117,8,221,86,5,221,94,4,221
12030 DATA 102,7,221,110,6,213,221,229,229,213
12040 DATA 229,213,205,249,5,33,8,0,57,249
12050 DATA 42,1,131,205,63,6,221,225,209,221
12060 DATA 102,1,221,110,0,237,82,202,252,8
12070 DATA 253,70,1,253,78,0,235,9,221,116
12080 DATA 5,221,117,4,253,86,9,253,94,8
12090 DATA 253,102,7,253,110,6,25,253,116,9
12100 DATA 253,117,8,235,33,0,0,237,82,48
12110 DATA 168,253,70,5,253,78,4,221,102,7
12120 DATA 221,110,6,9,221,116,7,221,117,6
12130 DATA 253,102,9,253,110,8,253,70,3,253
12140 DATA 78,2,237,66,253,116,9,253,117,8
12150 DATA 195,231,7,25,66,75,203,56,203,25
12160 DATA 33,0,0,237,66,253,116,9,253,117
12170 DATA 8,221,86,5,221,94,4,221,102,7
12180 DATA 221,110,6,229,221,229,229,213,229,213
12190 DATA 205,249,5,33,8,0,57,249,42,1
12200 DATA 131,205,63,6,221,225,209,221,102,3
12210 DATA 221,110,2,237,82,40,83,235,253,70
12220 DATA 5,253,78,4,9,221,116,7,221,117
12230 DATA 6,253,86,9,253,94,8,253,102,3
12240 DATA 253,110,2,25,253,116,9,253,117,8
12250 DATA 235,33,0,0,237,82,48,169,253,70
12260 DATA 1,253,78,0,221,102,5,221,110,4
12270 DATA 9,221,116,5,221,117,4,253,102,9
12280 DATA 253,110,8,253,70,7,253,78,6,237
12290 DATA 66,253,116,9,253,117,8,195,123,8
12300 DATA 33,10,0,57,249,201,254,8,202,20
12310 DATA 9,254,10,200,254,13,32,58,33,5
12320 DATA 131,195,185,9,33,5,131,126,56,5
12330 DATA 254,1,200,53,201,254,1,40,10,53
12340 DATA 229,62,32,205,72,9,225,53,183,221
12350 DATA 33,2,0,221,57,221,102,1,221,110
12360 DATA 0,62,0,40,2,43,119,43,119,221
12370 DATA 116,1,221,117,0,201,245,50,7,131
12380 DATA 58,5,131,6,8,22,0,95,33,0
12390 DATA 0,183,237,90,16,252,229,17,8,0
12400 DATA 237,90,43,229,58,6,131,6,10,22
12410 DATA 0,95,33,0,0,237,90,16,252,209
12420 DATA 229,213,17,10,0,237,90,43,229,205
12430 DATA 249,5,33,8,0,57,249,241,33,0
12440 DATA 117,22,0,95,237,90,229,209,14,10
12450 DATA 26,6,8,203,39,56,5,42,3,131
12460 DATA 24,3,42,1,131,245,213,205,63,6
12470 DATA 209,241,16,235,20,13,32,228,33,5
12480 DATA 131,126,60,254,80,40,2,119,201,175
12490 DATA 119,35,126,60,254,47,32,1,175,119
12500 DATA 201,42,3,131,24,3,42,1,131,229
12510 DATA 58,5,131,6,8,22,0,95,33,0
12520 DATA 0,183,237,90,16,252,229,1,8,0
12530 DATA 237,74,43,229,58,6,131,6,10,22
12540 DATA 0,95,33,0,0,237,90,16,252,14
12550 DATA 8,6,0,237,74,209,229,213,35,229
12560 DATA 205,249,5,33,8,0,57,249,225,6
12570 DATA 16,205,63,6,16,251,201,205,112,6
12580 DATA 42,3,131,6,223,14,2,197,6,31
12590 DATA 14,4,205,63,6,16,251,13,32,248
12600 DATA 193,16,240,13,32,237,33,0,0,34
12610 DATA 5,131,201,126,254,0,200,229,205,2
12620 DATA 9,225,35,24,244,205,0,0,217,253
12630 DATA 126,0,254,13,40,44,254,44,32,83
12640 DATA 229,253,35,205,0,0,217,209,123,214
12650 DATA 128,56,7,95,221,33,46,131,24,4
12660 DATA 221,33,14,131,123,254,15,48,54,221
12670 DATA 25,221,25,221,117,0,221,116,1,201
12680 DATA 229,209,123,214,128,56,10,95,221,33
12690 DATA 46,131,33,3,131,24,7,221,33,14
12700 DATA 131,33,1,131,123,254,15,48,14,221
12710 DATA 25,221,25,221,86,0,221,94,1,114
12720 DATA 35,115,201,175,205,0,0,112,97,114
12730 DATA 97,109,32,101,114,114,111,114,0,33
12740 DATA 63,0,34,3,131,33,192,255,34,1
12750 DATA 131,205,17,10,62,0,50,5,131,62
12760 DATA 20,50,6,131,6,26,14,65,121,197
12770 DATA 205,2,9,193,12,16,247,33,10,0
12780 DATA 1,210,0,197,229,229,197,205,22,7
12790 DATA 33,8,0,57,249,33,10,0,1,210
12800 DATA 0,229,229,197,197,205,22,7,33,8
12810 DATA 0,57,249,33,10,0,1,210,0,229
12820 DATA 229,197,229,205,22,7,33,8,0,57
12830 DATA 249,33,10,0,1,210,0,229,229,229
12840 DATA 197,205,22,7,33,8,0,57,249,201
12850 DATA 33,4,144,62,12,119,175,211,65,62
12860 DATA 48,211,64,205,94,14,205,94,14,205
12870 DATA 94,14,205,94,14,6,2,62,48,211
12880 DATA 64,205,94,14,16,247,62,56,205,99
12890 DATA 11,62,15,205,99,11,62,1,205,99
12900 DATA 11,201,245,175,211,65,219,64,23,56
12910 DATA 251,241,211,65,201,245,175,205,86,11
12920 DATA 241,211,64,201,245,62,3,205,86,11
12930 DATA 241,211,64,201,229,205,124,11,225,201
12940 DATA 126,35,254,0,200,205,108,11,24,240
12950 DATA 229,245,62,1,205,99,11,175,33,5
12960 DATA 144,119,35,119,241,225,201,229,245,62
12970 DATA 2,205,99,11,175,33,5,144,119,35
12980 DATA 119,241,225,201,229,245,213,33,5,144
12990 DATA 126,87,35,126,95,62,128,130,203,35
13000 DATA 203,35,203,35,203,35,203,35,131,205
13010 DATA 99,11,209,241,225,201,245,62,128,205
13020 DATA 99,11,241,201,245,62,192,205,99,11
13030 DATA 241,201,245,126,203,223,230,15,205,99
13040 DATA 11,241,201,229,33,4,144,203,206,205
13050 DATA 216,11,225,201,229,33,4,144,203,142
13060 DATA 205,216,11,225,201,229,33,4,144,203
13070 DATA 214,205,216,11,225,201,229,33,4,144
13080 DATA 203,150,205,216,11,225,201,229,33,4
13090 DATA 144,203,198,205,216,11,225,201,229,33
13100 DATA 4,144,203,134,205,216,11,225,201,245
13110 DATA 62,16,205,99,11,241,201,245,62,20
13120 DATA 205,99,11,241,201,245,62,24,205,99
13130 DATA 11,241,201,245,62,28,205,99,11,241
13140 DATA 201,219,6,203,111,40,250,219,70,211
13150 DATA 71,201,219,6,203,111,40,3,62,1
13160 DATA 201,175,201,205,101,12,254,0,200,205
13170 DATA 34,13,201,205,69,12,254,225,204,140
13180 DATA 12,254,240,204,202,12,254,224,204,150
13190 DATA 12,254,18,204,245,12,254,89,204,245
13200 DATA 12,254,20,204,254,12,254,17,204,7
13210 DATA 13,201,205,69,12,254,240,200,205,69
13220 DATA 12,201,205,69,12,254,107,200,254,114
13230 DATA 200,254,116,200,254,117,200,254,112,200
13240 DATA 254,108,200,254,125,200,254,122,200,254
13250 DATA 105,200,254,113,200,254,90,200,254,17
13260 DATA 200,254,20,200,254,240,194,200,12,205
13270 DATA 69,12,175,201,205,69,12,254,18,204
13280 DATA 227,12,254,20,204,233,12,254,17,204
13290 DATA 239,12,254,89,204,227,12,175,201,33
13300 DATA 1,144,203,182,201,33,1,144,203,190
13310 DATA 201,33,1,144,203,174,201,33,1,144
13320 DATA 62,64,174,119,175,201,33,1,144,62
13330 DATA 128,174,119,175,201,33,1,144,62,32
13340 DATA 174,119,175,201,33,64,13,6,0,79
13350 DATA 9,126,33,1,144,70,203,112,200,198
13360 DATA 32,201,33,194,13,6,0,79,9,126
13370 DATA 254,0,200,33,1,144,203,110,40,4
13380 DATA 6,192,24,6,79,126,230,192,71,121
13390 DATA 176,201,0,0,0,0,0,0,0,0
13400 DATA 0,0,0,0,0,0,96,0,0,0
13410 DATA 0,0,0,81,49,0,0,0,90,83
13420 DATA 65,87,50,0,0,67,88,68,69,52
13430 DATA 51,0,0,32,86,70,84,82,53,0
13440 DATA 0,78,66,72,71,89,54,0,0,0
13450 DATA 77,74,85,55,56,0,0,44,75,73
13460 DATA 79,48,57,0,0,46,47,76,59,80
13470 DATA 45,0,0,0,39,0,91,61,0,0
13480 DATA 0,0,13,93,0,0,0,0,0,0
13490 DATA 0,0,0,0,0,0,0,0,0,0
13500 DATA 0,0,0,0,0,0,0,0,0,0
13510 DATA 0,0,0,0,51,0,42,57,0,0
13520 DATA 0,0,0,0,0,0,0,0,0,0
13530 DATA 0,0,0,0,0,164,0,0,0,0
13540 DATA 0,0,0,14,9,0,0,0,60,45
13550 DATA 46,13,8,0,0,58,59,44,12,6
13560 DATA 7,0,0,15,57,43,10,11,5,0
13570 DATA 0,52,56,41,42,37,4,0,0,0
13580 DATA 53,51,35,3,19,0,0,54,62,36
13590 DATA 38,21,20,0,0,55,47,39,40,26
13600 DATA 28,0,0,0,67,0,86,27,0,0
13610 DATA 0,0,30,0,0,0,0,0,0,0
13620 DATA 0,0,0,0,64,0,0,154,0,2
13630 DATA 63,0,0,0,61,165,34,0,18,50
13640 DATA 31,25,0,29,7,28,24,20,0,0
13650 DATA 0,0,201,245,213,27,209,241,201,205
13660 DATA 69,14,16,251,201,245,213,17,44,1
13670 DATA 27,122,179,32,251,209,241,201,6,80
13680 DATA 205,81,14,16,251,201,245,213,205,113
13690 DATA 14,209,205,136,14,241,201,1,0,16
13700 DATA 17,0,0,41,123,143,39,95,122,143
13710 DATA 39,87,121,143,39,79,16,241,235,201
13720 DATA 121,205,159,14,121,205,163,14,124,205
13730 DATA 159,14,124,205,163,14,125,205,159,14
13740 DATA 125,24,4,31,31,31,31,230,15,198
13750 DATA 144,39,206,64,39,18,19,201,0,0
13760 DATA 0,0,0,0,0,0,0,0,0,0
13770 DATA 0,0,0,0,0,0,0,0,0,0
13780 DATA 0,0,0,0,0,0,0,0,0,0
13790 DATA 0,0,0,0,0,0,0,0,0,0
13800 DATA 0,0,0,0,0,0,0,0,0,0
13810 DATA 0,0,0,0,0,0,0,0,0,0
13820 DATA 0,0,0,0,0,0,0,0,0,0
