10 Reserve top-0
20 For i=0 to 5020
30 Read a:poke 0+i,a
40 next i
50 ?"type CALL TOP to run your code."
100 END
10000 DATA 195,0,2,195,121,2,0,0,0,0
10010 DATA 0,0,0,0,0,0,0,0,0,0
10020 DATA 0,0,0,0,0,0,0,0,0,0
10030 DATA 0,0,0,0,0,0,0,0,0,0
10040 DATA 0,0,0,0,0,0,0,0,0,0
10050 DATA 0,0,0,0,0,0,0,0,0,0
10060 DATA 0,0,0,0,0,0,0,0,0,0
10070 DATA 0,0,0,0,0,0,0,0,0,0
10080 DATA 0,0,0,0,0,0,0,0,0,0
10090 DATA 0,0,0,0,0,0,0,0,0,0
10100 DATA 0,0,0,0,0,0,0,0,0,0
10110 DATA 0,0,0,0,0,0,0,0,0,0
10120 DATA 0,0,0,0,0,0,0,0,0,0
10130 DATA 0,0,0,0,0,0,0,0,0,0
10140 DATA 0,0,0,0,0,0,0,0,0,0
10150 DATA 0,0,0,0,0,0,0,0,0,0
10160 DATA 0,0,0,0,0,0,0,0,0,0
10170 DATA 0,0,0,0,0,0,0,0,0,0
10180 DATA 0,0,0,0,0,0,0,0,0,0
10190 DATA 0,0,0,0,0,0,0,0,0,0
10200 DATA 0,0,0,0,0,0,0,0,0,0
10210 DATA 0,0,0,0,0,0,0,0,0,0
10220 DATA 0,0,0,0,0,0,0,0,0,0
10230 DATA 0,0,0,0,0,0,0,0,0,0
10240 DATA 0,0,0,0,0,0,0,0,0,0
10250 DATA 0,0,0,0,0,0,195,82,5,195
10260 DATA 85,5,195,86,5,195,93,5,195,111
10270 DATA 5,195,126,5,195,172,5,195,137,5
10280 DATA 195,212,5,195,16,6,195,96,7,195
10290 DATA 130,6,195,68,7,195,68,7,195,68
10300 DATA 7,195,68,7,195,68,7,195,68,7
10310 DATA 195,245,6,195,24,7,195,68,7,195
10320 DATA 68,7,195,68,7,195,68,7,195,0
10330 DATA 6,195,3,6,195,69,7,195,75,7
10340 DATA 195,81,7,195,81,7,195,81,7,195
10350 DATA 81,7,195,81,7,195,81,7,195,81
10360 DATA 7,195,81,7,195,81,7,195,81,7
10370 DATA 195,81,7,0,0,0,0,0,0,0
10380 DATA 0,0,0,0,0,0,0,0,0,0
10390 DATA 0,0,0,0,0,0,0,0,0,0
10400 DATA 0,0,0,0,0,0,0,0,0,0
10410 DATA 0,0,0,0,0,0,0,0,0,0
10420 DATA 0,0,0,0,0,0,0,0,0,0
10430 DATA 0,0,0,0,0,0,0,0,0,0
10440 DATA 0,0,0,0,0,0,0,0,0,0
10450 DATA 0,0,0,0,0,0,0,0,0,0
10460 DATA 0,0,0,0,0,0,0,0,0,0
10470 DATA 0,0,0,0,0,0,0,0,0,0
10480 DATA 0,0,0,0,0,0,0,0,0,0
10490 DATA 0,0,0,0,0,0,0,0,0,0
10500 DATA 0,0,0,0,0,0,0,0,0,0
10510 DATA 0,0,243,6,5,14,0,62,0,237
10520 DATA 121,14,0,62,255,237,121,16,242,17
10530 DATA 1,0,62,0,79,33,0,128,6,8
10540 DATA 119,78,185,194,57,2,25,198,32,79
10550 DATA 16,244,6,5,14,8,62,64,237,121
10560 DATA 198,128,237,121,16,244,195,66,2,14
10570 DATA 56,62,64,237,121,195,57,2,237,86
10580 DATA 243,49,240,255,205,135,8,33,24,5
10590 DATA 205,175,8,205,42,9,33,63,0,34
10600 DATA 3,131,33,192,255,34,1,131,33,5
10610 DATA 5,205,175,8,205,167,14,62,1,50
10620 DATA 5,131,62,22,50,6,131,33,125,4
10630 DATA 205,203,14,33,242,4,205,175,8,33
10640 DATA 46,5,205,175,8,33,78,4,62,30
10650 DATA 50,5,131,62,2,50,6,131,205,203
10660 DATA 14,205,210,2,254,85,204,62,3,254
10670 DATA 88,202,33,3,254,84,204,229,3,254
10680 DATA 83,204,23,4,254,73,204,135,3,254
10690 DATA 89,204,251,3,254,72,204,10,4,254
10700 DATA 74,204,179,3,254,67,204,167,14,254
10710 DATA 76,204,73,15,254,66,202,0,64,195
10720 DATA 121,2,175,205,221,8,40,4,205,185
10730 DATA 8,201,205,230,16,254,0,40,239,205
10740 DATA 251,16,254,0,202,210,2,205,166,17
10750 DATA 245,205,160,8,62,10,205,160,8,62
10760 DATA 13,205,160,8,241,201,205,102,16,33
10770 DATA 16,3,205,12,16,205,132,16,205,165
10780 DATA 16,195,21,160,60,60,32,67,68,69
10790 DATA 83,80,32,50,48,49,54,32,62,62
10800 DATA 0,205,28,16,205,102,16,33,206,4
10810 DATA 205,12,16,205,94,16,62,5,205,218
10820 DATA 18,17,84,131,26,111,19,26,103,233
10830 DATA 33,193,4,205,102,16,205,12,16,205
10840 DATA 185,8,111,205,185,8,103,205,185,8
10850 DATA 79,205,185,8,71,17,84,131,125,18
10860 DATA 19,124,18,254,128,40,2,56,2,211
10870 DATA 124,229,205,185,8,119,35,11,120,177
10880 DATA 32,246,211,125,33,178,4,205,28,16
10890 DATA 205,12,16,62,5,205,218,18,205,231
10900 DATA 18,225,201,33,193,4,205,102,16,205
10910 DATA 12,16,205,185,8,111,205,185,8,103
10920 DATA 205,185,8,79,205,185,8,71,17,84
10930 DATA 131,125,18,19,124,18,205,185,8,119
10940 DATA 35,11,120,177,32,246,201,205,185,8
10950 DATA 111,205,185,8,103,205,185,8,79,205
10960 DATA 185,8,71,126,205,160,8,35,11,120
10970 DATA 177,32,246,201,219,71,254,0,40,250
10980 DATA 254,255,40,246,254,1,202,206,3,205
10990 DATA 160,8,205,244,18,24,233,0,6,10
11000 DATA 197,205,185,8,205,160,8,62,32,62
11010 DATA 82,205,244,18,193,16,239,175,201,0
11020 DATA 6,255,197,205,185,8,205,160,8,193
11030 DATA 16,246,175,201,0,6,255,197,120,205
11040 DATA 160,8,193,16,248,175,201,201,229,213
11050 DATA 197,205,241,16,193,209,225,254,0,192
11060 DATA 203,182,35,126,43,201,205,160,8,201
11070 DATA 205,185,8,201,245,38,0,111,17,87
11080 DATA 131,205,252,18,62,10,18,19,62,13
11090 DATA 18,19,175,18,33,87,131,205,175,8
11100 DATA 241,201,85,73,58,85,80,44,88,58
11110 DATA 82,85,78,44,84,89,72,58,82,83
11120 DATA 44,83,58,68,73,83,80,44,78,77
11130 DATA 58,78,66,82,79,77,44,67,86,58
11140 DATA 84,86,44,32,74,58,68,78,0,76
11150 DATA 67,68,32,73,78,73,84,73,65,76
11160 DATA 73,90,69,68,0,82,83,50,51,50
11170 DATA 32,73,78,73,84,0,80,82,79,71
11180 DATA 82,65,77,32,72,65,76,84,69,68
11190 DATA 0,87,65,73,84,73,78,71,46,46
11200 DATA 46,0,80,82,71,32,84,82,65,78
11210 DATA 83,70,69,82,69,68,0,82,69,67
11220 DATA 69,73,86,73,78,71,46,46,46,0
11230 DATA 80,82,71,32,69,88,69,67,85,84
11240 DATA 69,0,73,77,65,71,69,32,67,79
11250 DATA 80,89,0,83,67,82,69,69,78,32
11260 DATA 82,69,65,68,89,0,85,58,85,80
11270 DATA 44,88,58,82,85,78,44,84,58,82
11280 DATA 83,44,10,13,0,67,76,69,65,82
11290 DATA 73,78,71,32,83,67,82,69,69,78
11300 DATA 46,10,13,0,10,13,82,83,50,51
11310 DATA 50,32,73,78,73,84,73,65,76,73
11320 DATA 90,69,68,10,13,0,10,13,87,65
11330 DATA 73,84,73,78,71,46,46,46,10,13
11340 DATA 0,0,10,13,75,69,89,32,80,82
11350 DATA 69,83,83,69,68,10,13,0,0,195
11360 DATA 73,15,195,167,14,201,17,0,0,33
11370 DATA 0,0,201,99,229,205,91,14,225,124
11380 DATA 50,5,131,125,50,6,131,205,96,14
11390 DATA 201,22,0,58,5,131,95,38,0,58
11400 DATA 6,131,111,201,6,80,229,237,98,205
11410 DATA 212,5,225,216,24,246,201,245,213,229
11420 DATA 95,205,243,5,205,151,5,225,209,241
11430 DATA 201,58,0,131,203,95,40,16,123,254
11440 DATA 32,216,42,8,131,115,44,200,34,8
11450 DATA 131,201,30,62,123,211,0,245,197,213
11460 DATA 229,245,197,213,229,205,91,14,225,209
11470 DATA 193,241,205,152,13,205,96,14,225,209
11480 DATA 193,241,201,58,0,131,238,4,50,0
11490 DATA 131,201,229,33,11,131,126,54,0,225
11500 DATA 183,55,192,205,91,7,208,254,27,55
11510 DATA 192,229,33,0,131,203,118,32,2,203
11520 DATA 254,225,201,205,198,8,183,200,254,27
11530 DATA 40,235,50,11,131,201,205,243,5,58
11540 DATA 0,131,183,240,33,0,131,203,190,195
11550 DATA 194,77,243,33,246,130,62,6,119,62
11560 DATA 187,119,33,0,0,34,5,131,17,255
11570 DATA 255,33,1,131,115,35,114,35,17,0
11580 DATA 0,115,35,114,17,14,131,205,62,6
11590 DATA 17,46,131,205,62,6,24,9,33,114
11600 DATA 6,1,16,0,237,176,201,205,43,76
11610 DATA 67,68,69,83,80,32,77,111,100,117
11620 DATA 108,97,114,32,67,111,109,112,117,116
11630 DATA 101,114,32,49,46,48,10,13,10,13
11640 DATA 0,175,17,255,255,95,33,89,131,201
11650 DATA 0,0,0,248,192,7,192,255,63,0
11660 DATA 63,248,255,7,255,255,205,220,6,254
11670 DATA 13,200,254,124,200,254,46,202,235,6
11680 DATA 235,33,239,6,26,205,227,6,190,40
11690 DATA 11,56,46,203,126,35,40,251,35,35
11700 DATA 24,238,213,19,35,26,205,227,6,254
11710 DATA 46,40,10,174,40,243,254,128,40,3
11720 DATA 209,24,226,241,19,203,126,35,40,251
11730 DATA 126,35,102,111,229,235,195,220,6,62
11740 DATA 254,205,240,70,66,97,100,32,99,111
11750 DATA 109,109,97,110,100,0,126,254,32,192
11760 DATA 35,24,249,230,127,254,96,216,230,95
11770 DATA 201,201,195,0,0,66,89,197,236,6
11780 DATA 255,62,221,211,32,62,10,211,32,126
11790 DATA 211,32,35,254,13,32,248,121,211,32
11800 DATA 120,211,32,42,220,130,126,211,32,35
11810 DATA 11,120,177,32,247,201,62,221,211,32
11820 DATA 62,20,211,32,126,211,32,35,254,13
11830 DATA 32,248,219,32,79,219,32,71,42,220
11840 DATA 130,219,32,119,35,11,120,177,32,247
11850 DATA 68,77,33,222,130,113,35,112,55,201
11860 DATA 201,205,167,14,195,232,76,205,215,14
11870 DATA 195,232,76,175,205,240,70,83,111,114
11880 DATA 114,121,0,205,210,2,55,201,58,0
11890 DATA 131,203,95,40,9,203,159,50,0,131
11900 DATA 42,8,131,189,62,13,119,196,137,5
11910 DATA 46,0,77,40,32,6,0,126,4,35
11920 DATA 254,13,245,229,95,196,174,5,225,241
11930 DATA 32,241,62,32,205,137,5,30,8,229
11940 DATA 205,174,5,225,43,16,248,121,5,40
11950 DATA 1,183,204,124,5,79,17,155,7,213
11960 DATA 58,0,131,183,121,250,239,7,254,11
11970 DATA 202,51,8,254,10,202,102,8,6,0
11980 DATA 254,5,40,114,254,9,40,111,254,7
11990 DATA 40,118,254,8,202,102,8,14,0,254
12000 DATA 16,202,203,5,254,6,40,90,254,4
12010 DATA 40,87,254,2,40,94,254,1,40,110
12020 DATA 254,3,40,126,254,32,48,127,254,13
12030 DATA 192,126,205,137,5,35,214,13,32,247
12040 DATA 209,185,194,8,6,62,10,205,137,5
12050 DATA 237,91,244,130,175,111,34,8,131,186
12060 DATA 192,187,192,17,127,8,6,4,26,190
12070 DATA 62,0,192,35,19,126,254,46,40,2
12080 DATA 16,242,175,71,77,111,17,131,8,235
12090 DATA 237,176,33,0,131,203,222,201,55,44
12100 DATA 45,40,69,62,8,205,137,5,45,208
12110 DATA 126,254,13,40,57,84,93,19,26,27
12120 DATA 18,19,254,13,32,247,209,195,123,7
12130 DATA 62,13,190,200,84,30,254,19,18,27
12140 DATA 123,189,27,26,32,247,54,32,24,232
12150 DATA 126,254,13,40,17,86,119,44,40,9
12160 DATA 205,137,5,62,13,186,192,119,201,45
12170 DATA 54,13,14,0,201,69,68,73,84,76
12180 DATA 73,83,84,62,128,211,35,62,12,211
12190 DATA 32,62,0,211,33,62,3,211,35,62
12200 DATA 0,211,34,62,0,211,33,201,205,166
12210 DATA 8,211,32,201,245,219,37,203,111,40
12220 DATA 250,241,201,126,35,254,0,200,205,160
12230 DATA 8,24,246,62,1,211,36,205,212,8
12240 DATA 175,211,36,219,32,201,62,1,211,36
12250 DATA 219,37,203,71,40,2,24,238,175,201
12260 DATA 245,219,37,203,71,40,250,241,201,219
12270 DATA 37,203,71,201,245,241,201,245,229,197
12280 DATA 219,37,203,103,40,4,62,66,24,26
12290 DATA 203,87,40,4,62,80,24,18,203,95
12300 DATA 40,4,62,70,24,10,203,79,40,4
12310 DATA 62,79,24,2,62,78,33,79,131,119
12320 DATA 193,225,241,201,123,211,17,122,211,17
12330 DATA 201,122,211,16,201,175,211,16,205,23
12340 DATA 9,62,1,211,16,201,22,226,205,27
12350 DATA 9,22,35,205,23,9,22,2,205,23
12360 DATA 9,22,84,205,23,9,22,224,205,27
12370 DATA 9,22,1,205,23,9,6,10,205,225
12380 DATA 18,22,224,205,27,9,22,3,205,23
12390 DATA 9,6,10,205,225,18,22,1,205,27
12400 DATA 9,6,20,205,225,18,22,230,205,27
12410 DATA 9,22,3,205,23,9,22,51,205,23
12420 DATA 9,22,51,205,23,9,22,176,205,27
12430 DATA 9,22,32,205,23,9,22,0,205,23
12440 DATA 9,22,3,205,23,9,22,31,205,23
12450 DATA 9,22,1,205,23,9,22,223,205,23
12460 DATA 9,22,0,205,23,9,22,180,205,27
12470 DATA 9,22,4,205,23,9,22,31,205,23
12480 DATA 9,22,0,205,23,9,22,210,205,23
12490 DATA 9,22,0,205,23,9,22,0,205,23
12500 DATA 9,22,0,205,23,9,22,0,205,23
12510 DATA 9,22,182,205,27,9,22,2,205,23
12520 DATA 9,22,12,205,23,9,22,0,205,23
12530 DATA 9,22,34,205,23,9,22,0,205,23
12540 DATA 9,22,0,205,23,9,22,0,205,23
12550 DATA 9,22,184,205,27,9,22,15,205,23
12560 DATA 9,22,1,205,23,9,22,186,205,27
12570 DATA 9,22,1,205,23,9,22,54,205,27
12580 DATA 9,22,8,205,23,9,22,240,205,27
12590 DATA 9,22,6,205,23,9,6,5,205,225
12600 DATA 18,22,188,205,27,9,22,64,205,23
12610 DATA 9,22,128,205,23,9,22,64,205,23
12620 DATA 9,22,1,205,23,9,6,5,205,225
12630 DATA 18,22,41,205,27,9,22,190,205,27
12640 DATA 9,22,6,205,23,9,22,240,205,23
12650 DATA 9,22,1,205,23,9,22,240,205,23
12660 DATA 9,22,0,205,23,9,22,0,205,23
12670 DATA 9,22,208,205,27,9,22,13,205,23
12680 DATA 9,33,0,0,229,229,33,31,3,229
12690 DATA 33,223,1,229,205,143,10,33,8,0
12700 DATA 57,249,201,221,33,2,0,221,57,22
12710 DATA 42,205,27,9,221,86,7,205,23,9
12720 DATA 221,86,6,205,23,9,221,86,3,205
12730 DATA 23,9,221,86,2,205,23,9,22,43
12740 DATA 205,27,9,221,86,5,205,23,9,221
12750 DATA 86,4,205,23,9,221,86,1,205,23
12760 DATA 9,221,86,0,205,23,9,22,44,205
12770 DATA 27,9,201,84,205,23,9,85,205,23
12780 DATA 9,201,221,33,2,0,221,57,221,102
12790 DATA 3,221,110,2,221,86,1,221,94,0
12800 DATA 229,213,229,213,205,143,10,33,8,0
12810 DATA 57,249,42,1,131,205,213,10,205,6
12820 DATA 11,201,33,0,0,229,229,33,31,3
12830 DATA 229,33,223,1,229,205,143,10,33,8
12840 DATA 0,57,249,201,221,33,2,0,221,57
12850 DATA 221,102,5,221,110,4,221,86,3,221
12860 DATA 94,2,221,70,1,221,78,0,229,33
12870 DATA 0,0,183,237,66,56,10,175,145,79
12880 DATA 159,144,71,225,237,66,229,225,229,213
12890 DATA 9,229,213,205,143,10,33,8,0,57
12900 DATA 249,42,1,131,205,213,10,11,121,176
12910 DATA 32,248,205,6,11,201,221,33,2,0
12920 DATA 221,57,221,86,5,221,94,4,221,102
12930 DATA 3,221,110,2,221,70,1,221,78,0
12940 DATA 229,33,0,0,183,237,66,56,10,175
12950 DATA 145,79,159,144,71,225,237,66,229,225
12960 DATA 213,229,213,9,229,205,143,10,33,8
12970 DATA 0,57,249,42,1,131,205,213,10,11
12980 DATA 121,176,32,248,205,6,11,201,221,33
12990 DATA 2,0,221,57,221,102,5,221,110,4
13000 DATA 221,86,1,221,94,0,183,237,82,32
13010 DATA 26,221,70,7,221,78,6,197,213,221
13020 DATA 102,3,221,110,2,237,66,229,205,28
13030 DATA 11,33,6,0,57,249,201,221,102,7
13040 DATA 221,110,6,221,86,3,221,94,2,183
13050 DATA 237,82,32,26,213,221,70,5,221,78
13060 DATA 4,197,221,102,1,221,110,0,237,66
13070 DATA 229,205,100,11,33,6,0,57,249,201
13080 DATA 56,4,175,61,24,13,213,225,221,86
13090 DATA 7,221,94,6,183,237,82,62,1,6
13100 DATA 0,14,0,197,229,254,1,40,2,6
13110 DATA 255,79,197,221,102,5,221,110,4,221
13120 DATA 86,1,221,94,0,183,237,82,56,4
13130 DATA 175,61,24,15,213,225,221,86,5,221
13140 DATA 94,4,183,237,82,6,0,62,1,254
13150 DATA 1,40,2,6,255,79,229,197,253,33
13160 DATA 0,0,253,57,253,86,7,253,94,6
13170 DATA 183,237,82,218,255,12,202,255,12,25
13180 DATA 68,77,203,56,203,25,33,0,0,237
13190 DATA 66,253,116,9,253,117,8,221,86,5
13200 DATA 221,94,4,221,102,7,221,110,6,213
13210 DATA 221,229,229,213,229,213,205,143,10,33
13220 DATA 8,0,57,249,42,1,131,205,213,10
13230 DATA 221,225,209,221,102,1,221,110,0,237
13240 DATA 82,202,146,13,253,70,1,253,78,0
13250 DATA 235,9,221,116,5,221,117,4,253,86
13260 DATA 9,253,94,8,253,102,7,253,110,6
13270 DATA 25,253,116,9,253,117,8,235,33,0
13280 DATA 0,237,82,48,168,253,70,5,253,78
13290 DATA 4,221,102,7,221,110,6,9,221,116
13300 DATA 7,221,117,6,253,102,9,253,110,8
13310 DATA 253,70,3,253,78,2,237,66,253,116
13320 DATA 9,253,117,8,195,125,12,25,66,75
13330 DATA 203,56,203,25,33,0,0,237,66,253
13340 DATA 116,9,253,117,8,221,86,5,221,94
13350 DATA 4,221,102,7,221,110,6,229,221,229
13360 DATA 229,213,229,213,205,143,10,33,8,0
13370 DATA 57,249,42,1,131,205,213,10,221,225
13380 DATA 209,221,102,3,221,110,2,237,82,40
13390 DATA 83,235,253,70,5,253,78,4,9,221
13400 DATA 116,7,221,117,6,253,86,9,253,94
13410 DATA 8,253,102,3,253,110,2,25,253,116
13420 DATA 9,253,117,8,235,33,0,0,237,82
13430 DATA 48,169,253,70,1,253,78,0,221,102
13440 DATA 5,221,110,4,9,221,116,5,221,117
13450 DATA 4,253,102,9,253,110,8,253,70,7
13460 DATA 253,78,6,237,66,253,116,9,253,117
13470 DATA 8,195,17,13,33,10,0,57,249,201
13480 DATA 254,8,202,170,13,254,10,200,254,13
13490 DATA 32,58,33,5,131,195,79,14,33,5
13500 DATA 131,126,56,5,254,1,200,53,201,254
13510 DATA 1,40,10,53,229,62,32,205,222,13
13520 DATA 225,53,183,221,33,2,0,221,57,221
13530 DATA 102,1,221,110,0,62,0,40,2,43
13540 DATA 119,43,119,221,116,1,221,117,0,201
13550 DATA 245,50,7,131,58,5,131,6,8,22
13560 DATA 0,95,33,0,0,183,237,90,16,252
13570 DATA 229,17,8,0,237,90,43,229,58,6
13580 DATA 131,6,10,22,0,95,33,0,0,237
13590 DATA 90,16,252,209,229,213,17,10,0,237
13600 DATA 90,43,229,205,143,10,33,8,0,57
13610 DATA 249,241,33,0,117,22,0,95,237,90
13620 DATA 229,209,14,10,26,6,8,203,39,56
13630 DATA 5,42,3,131,24,3,42,1,131,245
13640 DATA 213,205,213,10,209,241,16,235,20,13
13650 DATA 32,228,33,5,131,126,60,254,80,40
13660 DATA 2,119,201,175,119,35,126,60,254,47
13670 DATA 32,1,175,119,201,42,3,131,24,3
13680 DATA 42,1,131,229,58,5,131,6,8,22
13690 DATA 0,95,33,0,0,183,237,90,16,252
13700 DATA 229,1,8,0,237,74,43,229,58,6
13710 DATA 131,6,10,22,0,95,33,0,0,237
13720 DATA 90,16,252,14,8,6,0,237,74,209
13730 DATA 229,213,35,229,205,143,10,33,8,0
13740 DATA 57,249,225,6,16,205,213,10,16,251
13750 DATA 201,205,6,11,42,3,131,6,223,14
13760 DATA 2,197,6,31,14,4,205,213,10,16
13770 DATA 251,13,32,248,193,16,240,13,32,237
13780 DATA 33,0,0,34,5,131,201,126,254,0
13790 DATA 200,229,205,152,13,225,35,24,244,205
13800 DATA 148,94,217,253,126,0,254,13,40,44
13810 DATA 254,44,32,83,229,253,35,205,148,94
13820 DATA 217,209,123,214,128,56,7,95,221,33
13830 DATA 46,131,24,4,221,33,14,131,123,254
13840 DATA 15,48,54,221,25,221,25,221,117,0
13850 DATA 221,116,1,201,229,209,123,214,128,56
13860 DATA 10,95,221,33,46,131,33,3,131,24
13870 DATA 7,221,33,14,131,33,1,131,123,254
13880 DATA 15,48,14,221,25,221,25,221,86,0
13890 DATA 221,94,1,114,35,115,201,175,205,240
13900 DATA 70,112,97,114,97,109,32,101,114,114
13910 DATA 111,114,0,33,63,0,34,3,131,33
13920 DATA 192,255,34,1,131,205,167,14,62,0
13930 DATA 50,5,131,62,20,50,6,131,6,26
13940 DATA 14,65,121,197,205,152,13,193,12,16
13950 DATA 247,33,10,0,1,210,0,197,229,229
13960 DATA 197,205,172,11,33,8,0,57,249,33
13970 DATA 10,0,1,210,0,229,229,197,197,205
13980 DATA 172,11,33,8,0,57,249,33,10,0
13990 DATA 1,210,0,229,229,197,229,205,172,11
14000 DATA 33,8,0,57,249,33,10,0,1,210
14010 DATA 0,229,229,229,197,205,172,11,33,8
14020 DATA 0,57,249,201,33,81,131,62,12,119
14030 DATA 175,211,65,62,48,211,64,205,244,18
14040 DATA 205,244,18,205,244,18,205,244,18,6
14050 DATA 2,62,48,211,64,205,244,18,16,247
14060 DATA 62,56,205,249,15,62,15,205,249,15
14070 DATA 62,1,205,249,15,201,245,175,211,65
14080 DATA 219,64,23,56,251,241,211,65,201,245
14090 DATA 175,205,236,15,241,211,64,201,245,62
14100 DATA 3,205,236,15,241,211,64,201,229,205
14110 DATA 18,16,225,201,126,35,254,0,200,205
14120 DATA 2,16,24,240,229,245,62,1,205,249
14130 DATA 15,175,33,82,131,119,35,119,241,225
14140 DATA 201,229,245,62,2,205,249,15,175,33
14150 DATA 82,131,119,35,119,241,225,201,229,245
14160 DATA 213,33,82,131,126,87,35,126,95,62
14170 DATA 128,130,203,35,203,35,203,35,203,35
14180 DATA 203,35,131,205,249,15,209,241,225,201
14190 DATA 245,62,128,205,249,15,241,201,245,62
14200 DATA 192,205,249,15,241,201,245,126,203,223
14210 DATA 230,15,205,249,15,241,201,229,33,81
14220 DATA 131,203,206,205,110,16,225,201,229,33
14230 DATA 81,131,203,142,205,110,16,225,201,229
14240 DATA 33,81,131,203,214,205,110,16,225,201
14250 DATA 229,33,81,131,203,150,205,110,16,225
14260 DATA 201,229,33,81,131,203,198,205,110,16
14270 DATA 225,201,229,33,81,131,203,134,205,110
14280 DATA 16,225,201,245,62,16,205,249,15,241
14290 DATA 201,245,62,20,205,249,15,241,201,245
14300 DATA 62,24,205,249,15,241,201,245,62,28
14310 DATA 205,249,15,241,201,219,6,203,111,40
14320 DATA 250,219,70,211,71,201,219,6,203,111
14330 DATA 40,3,62,1,201,175,201,205,251,16
14340 DATA 254,0,200,205,184,17,201,205,219,16
14350 DATA 254,225,204,34,17,254,240,204,96,17
14360 DATA 254,224,204,44,17,254,18,204,139,17
14370 DATA 254,89,204,139,17,254,20,204,148,17
14380 DATA 254,17,204,157,17,201,205,219,16,254
14390 DATA 240,200,205,219,16,201,205,219,16,254
14400 DATA 107,200,254,114,200,254,116,200,254,117
14410 DATA 200,254,112,200,254,108,200,254,125,200
14420 DATA 254,122,200,254,105,200,254,113,200,254
14430 DATA 90,200,254,17,200,254,20,200,254,240
14440 DATA 194,94,17,205,219,16,175,201,205,219
14450 DATA 16,254,18,204,121,17,254,20,204,127
14460 DATA 17,254,17,204,133,17,254,89,204,121
14470 DATA 17,175,201,33,78,131,203,182,201,33
14480 DATA 78,131,203,190,201,33,78,131,203,174
14490 DATA 201,33,78,131,62,64,174,119,175,201
14500 DATA 33,78,131,62,128,174,119,175,201,33
14510 DATA 78,131,62,32,174,119,175,201,33,214
14520 DATA 17,6,0,79,9,126,33,78,131,70
14530 DATA 203,112,200,198,32,201,33,88,18,6
14540 DATA 0,79,9,126,254,0,200,33,78,131
14550 DATA 203,110,40,4,6,192,24,6,79,126
14560 DATA 230,192,71,121,176,201,0,0,0,0
14570 DATA 0,0,0,0,0,0,0,0,0,0
14580 DATA 96,0,0,0,0,0,0,81,49,0
14590 DATA 0,0,90,83,65,87,50,0,0,67
14600 DATA 88,68,69,52,51,0,0,32,86,70
14610 DATA 84,82,53,0,0,78,66,72,71,89
14620 DATA 54,0,0,0,77,74,85,55,56,0
14630 DATA 0,44,75,73,79,48,57,0,0,46
14640 DATA 47,76,59,80,45,0,0,0,39,0
14650 DATA 91,61,0,0,0,0,13,93,0,0
14660 DATA 0,0,0,0,0,0,0,0,0,0
14670 DATA 0,0,0,0,0,0,0,0,0,0
14680 DATA 0,0,0,0,0,0,0,0,51,0
14690 DATA 42,57,0,0,0,0,0,0,0,0
14700 DATA 0,0,0,0,0,0,0,0,0,164
14710 DATA 0,0,0,0,0,0,0,14,9,0
14720 DATA 0,0,60,45,46,13,8,0,0,58
14730 DATA 59,44,12,6,7,0,0,15,57,43
14740 DATA 10,11,5,0,0,52,56,41,42,37
14750 DATA 4,0,0,0,53,51,35,3,19,0
14760 DATA 0,54,62,36,38,21,20,0,0,55
14770 DATA 47,39,40,26,28,0,0,0,67,0
14780 DATA 86,27,0,0,0,0,30,0,0,0
14790 DATA 0,0,0,0,0,0,0,0,64,0
14800 DATA 0,154,0,2,63,0,0,0,61,165
14810 DATA 34,0,18,50,31,25,0,29,7,28
14820 DATA 24,20,0,0,0,0,201,245,213,27
14830 DATA 209,241,201,205,219,18,16,251,201,245
14840 DATA 213,17,44,1,27,122,179,32,251,209
14850 DATA 241,201,6,80,205,231,18,16,251,201
14860 DATA 245,213,205,7,19,209,205,30,19,241
14870 DATA 201,1,0,16,17,0,0,41,123,143
14880 DATA 39,95,122,143,39,87,121,143,39,79
14890 DATA 16,241,235,201,121,205,53,19,121,205
14900 DATA 57,19,124,205,53,19,124,205,57,19
14910 DATA 125,205,53,19,125,24,4,31,31,31
14920 DATA 31,230,15,198,144,39,206,64,39,18
14930 DATA 19,201,0,0,0,0,0,0,0,0
14940 DATA 0,0,0,0,0,0,0,0,0,0
14950 DATA 0,0,0,0,0,0,0,0,0,0
14960 DATA 0,0,0,0,0,0,0,0,0,0
14970 DATA 0,0,0,0,0,0,0,0,0,0
14980 DATA 0,0,0,0,0,0,0,0,0,0
14990 DATA 0,0,0,0,0,0,0,0,0,0
15000 DATA 0,0,0,0,0,0,0,0,0,0
15010 DATA 0,0,0,0,0,0,0,0,0,0
