10 Reserve top-0
20 For i=0 to 5020
30 Read a:poke 0+i,a
40 next i
50 ?"type CALL TOP to run your code."
100 END
10000 DATA 0,195,0,2,195,131,2,0,0,0
10010 DATA 0,0,0,0,0,0,0,0,0,0
10020 DATA 0,0,0,0,0,0,0,0,0,0
10030 DATA 0,0,0,0,0,0,0,0,0,0
10040 DATA 0,0,0,0,0,0,0,0,0,0
10050 DATA 0,0,0,0,0,0,195,0,160,0
10060 DATA 0,0,0,0,0,0,0,0,0,0
10070 DATA 0,0,0,0,0,0,0,0,0,0
10080 DATA 0,0,0,0,0,0,0,0,0,0
10090 DATA 0,0,0,0,0,0,0,0,0,0
10100 DATA 0,0,0,0,0,0,0,0,0,0
10110 DATA 0,0,0,0,0,0,0,0,0,0
10120 DATA 0,0,0,0,0,0,0,0,0,0
10130 DATA 0,0,0,0,0,0,0,0,0,0
10140 DATA 0,0,0,0,0,0,0,0,0,0
10150 DATA 0,0,0,0,0,0,0,0,0,0
10160 DATA 0,0,0,0,0,0,0,0,0,0
10170 DATA 0,0,0,0,0,0,0,0,0,0
10180 DATA 0,0,0,0,0,0,0,0,0,0
10190 DATA 0,0,0,0,0,0,0,0,0,0
10200 DATA 0,0,0,0,0,0,0,0,0,0
10210 DATA 0,0,0,0,0,0,0,0,0,0
10220 DATA 0,0,0,0,0,0,0,0,0,0
10230 DATA 0,0,0,0,0,0,0,0,0,0
10240 DATA 0,0,0,0,0,0,0,0,0,0
10250 DATA 0,0,0,0,0,0,195,57,5,195
10260 DATA 60,5,195,61,5,195,68,5,195,86
10270 DATA 5,195,101,5,195,147,5,195,112,5
10280 DATA 195,187,5,195,247,5,195,71,7,195
10290 DATA 105,6,195,43,7,195,43,7,195,43
10300 DATA 7,195,43,7,195,43,7,195,43,7
10310 DATA 195,220,6,195,255,6,195,43,7,195
10320 DATA 43,7,195,43,7,195,43,7,195,231
10330 DATA 5,195,234,5,195,44,7,195,50,7
10340 DATA 195,56,7,195,56,7,195,56,7,195
10350 DATA 56,7,195,56,7,195,56,7,195,56
10360 DATA 7,195,56,7,195,56,7,195,56,7
10370 DATA 195,56,7,0,0,0,0,0,0,0
10380 DATA 0,0,0,0,0,0,0,0,0,0
10390 DATA 0,0,0,0,0,0,0,0,0,0
10400 DATA 0,0,0,0,0,0,0,0,0,0
10410 DATA 0,0,0,0,0,0,0,0,0,0
10420 DATA 0,0,0,0,0,0,0,0,0,0
10430 DATA 0,0,0,0,0,0,0,0,0,0
10440 DATA 0,0,0,0,0,0,0,0,0,0
10450 DATA 0,0,0,0,0,0,0,0,0,0
10460 DATA 0,0,0,0,0,0,0,0,0,0
10470 DATA 0,0,0,0,0,0,0,0,0,0
10480 DATA 0,0,0,0,0,0,0,0,0,0
10490 DATA 0,0,0,0,0,0,0,0,0,0
10500 DATA 0,0,0,0,0,0,0,0,0,0
10510 DATA 0,0,243,33,0,160,62,237,119,35
10520 DATA 62,77,119,6,5,14,0,62,0,237
10530 DATA 121,14,0,62,255,237,121,16,242,17
10540 DATA 1,0,62,0,79,33,0,128,6,8
10550 DATA 119,78,185,194,67,2,25,198,32,79
10560 DATA 16,244,6,5,14,8,62,64,237,121
10570 DATA 198,128,237,121,16,244,195,76,2,14
10580 DATA 56,62,64,237,121,195,67,2,243,237
10590 DATA 86,49,240,255,205,110,8,33,255,4
10600 DATA 205,150,8,205,17,9,33,63,0,34
10610 DATA 3,131,33,192,255,34,1,131,33,236
10620 DATA 4,205,150,8,205,142,14,62,1,50
10630 DATA 5,131,62,22,50,6,131,33,64,4
10640 DATA 205,178,14,33,181,4,205,150,8,33
10650 DATA 21,5,205,150,8,33,11,4,62,5
10660 DATA 50,5,131,62,2,50,6,131,205,178
10670 DATA 14,205,220,2,254,85,204,36,3,254
10680 DATA 88,202,7,3,254,84,204,188,3,254
10690 DATA 83,204,238,3,254,73,204,115,3,254
10700 DATA 89,204,210,3,254,72,204,225,3,254
10710 DATA 74,204,161,3,254,67,204,142,14,254
10720 DATA 76,204,48,15,254,66,202,0,64,195
10730 DATA 131,2,175,205,196,8,40,4,205,160
10740 DATA 8,201,24,244,205,121,17,254,1,40
10750 DATA 237,205,114,17,254,0,202,220,2,245
10760 DATA 205,135,8,62,10,205,135,8,62,13
10770 DATA 205,135,8,241,201,205,3,16,205,77
10780 DATA 16,33,145,4,205,243,15,205,69,16
10790 DATA 62,5,205,206,18,17,85,131,26,111
10800 DATA 19,26,103,233,243,33,132,4,205,77
10810 DATA 16,205,243,15,205,160,8,111,205,160
10820 DATA 8,103,205,160,8,79,205,160,8,71
10830 DATA 17,85,131,125,18,19,124,18,254,128
10840 DATA 48,2,24,4,62,1,211,8,229,205
10850 DATA 160,8,119,35,11,120,177,32,246,62
10860 DATA 0,211,8,33,117,4,205,3,16,205
10870 DATA 243,15,62,5,205,206,18,205,219,18
10880 DATA 225,251,201,243,33,132,4,205,77,16
10890 DATA 205,243,15,205,160,8,111,205,160,8
10900 DATA 103,205,160,8,79,205,160,8,71,17
10910 DATA 85,131,125,18,19,124,18,205,160,8
10920 DATA 119,35,11,120,177,32,246,251,201,205
10930 DATA 160,8,111,205,160,8,103,205,160,8
10940 DATA 79,205,160,8,71,126,205,135,8,35
10950 DATA 11,120,177,32,246,201,0,6,10,197
10960 DATA 205,160,8,205,135,8,62,32,62,82
10970 DATA 205,232,18,193,16,239,175,201,0,6
10980 DATA 255,197,205,160,8,205,135,8,193,16
10990 DATA 246,175,201,0,6,255,197,120,205,135
11000 DATA 8,193,16,248,175,201,201,245,38,0
11010 DATA 111,17,88,131,205,240,18,62,10,18
11020 DATA 19,62,13,18,19,175,18,33,88,131
11030 DATA 205,150,8,241,201,85,73,58,85,80
11040 DATA 32,74,58,68,78,32,88,58,82,85
11050 DATA 78,32,84,89,72,58,82,83,32,83
11060 DATA 58,68,73,83,80,32,67,58,67,76
11070 DATA 83,32,76,58,76,67,68,83,84,32
11080 DATA 66,58,66,65,83,73,67,0,76,67
11090 DATA 68,32,73,78,73,84,73,65,76,73
11100 DATA 90,69,68,0,82,83,50,51,50,32
11110 DATA 73,78,73,84,0,80,82,79,71,82
11120 DATA 65,77,32,72,65,76,84,69,68,0
11130 DATA 87,65,73,84,73,78,71,46,46,46
11140 DATA 0,80,82,71,32,84,82,65,78,83
11150 DATA 70,69,82,69,68,0,82,69,67,69
11160 DATA 73,86,73,78,71,46,46,46,0,80
11170 DATA 82,71,32,69,88,69,67,85,84,69
11180 DATA 0,73,77,65,71,69,32,67,79,80
11190 DATA 89,0,83,67,82,69,69,78,32,82
11200 DATA 69,65,68,89,0,85,73,58,85,80
11210 DATA 32,74,58,68,78,32,88,58,82,85
11220 DATA 78,32,84,89,72,58,82,83,32,83
11230 DATA 58,68,73,83,80,32,67,58,67,76
11240 DATA 83,32,76,58,76,67,68,83,84,32
11250 DATA 66,58,66,65,83,73,67,10,13,0
11260 DATA 67,76,69,65,82,73,78,71,32,83
11270 DATA 67,82,69,69,78,46,10,13,0,10
11280 DATA 13,82,83,50,51,50,32,73,78,73
11290 DATA 84,73,65,76,73,90,69,68,10,13
11300 DATA 0,10,13,87,65,73,84,73,78,71
11310 DATA 46,46,46,10,13,0,0,10,13,75
11320 DATA 69,89,32,80,82,69,83,83,69,68
11330 DATA 10,13,0,0,195,48,15,195,142,14
11340 DATA 201,17,0,0,33,0,0,201,99,229
11350 DATA 205,66,14,225,124,50,5,131,125,50
11360 DATA 6,131,205,71,14,201,22,0,58,5
11370 DATA 131,95,38,0,58,6,131,111,201,6
11380 DATA 80,229,237,98,205,187,5,225,216,24
11390 DATA 246,201,245,213,229,95,205,218,5,205
11400 DATA 126,5,225,209,241,201,58,0,131,203
11410 DATA 95,40,16,123,254,32,216,42,8,131
11420 DATA 115,44,200,34,8,131,201,30,62,123
11430 DATA 211,0,245,197,213,229,245,197,213,229
11440 DATA 205,66,14,225,209,193,241,205,127,13
11450 DATA 205,71,14,225,209,193,241,201,58,0
11460 DATA 131,238,4,50,0,131,201,229,33,11
11470 DATA 131,126,54,0,225,183,55,192,205,66
11480 DATA 7,208,254,27,55,192,229,33,0,131
11490 DATA 203,118,32,2,203,254,225,201,205,173
11500 DATA 8,183,200,254,27,40,235,50,11,131
11510 DATA 201,205,218,5,58,0,131,183,240,33
11520 DATA 0,131,203,190,195,194,77,243,33,246
11530 DATA 130,62,6,119,62,187,119,33,0,0
11540 DATA 34,5,131,17,255,255,33,1,131,115
11550 DATA 35,114,35,17,0,0,115,35,114,17
11560 DATA 14,131,205,37,6,17,46,131,205,37
11570 DATA 6,24,9,33,89,6,1,16,0,237
11580 DATA 176,201,205,43,76,67,68,69,83,80
11590 DATA 32,77,111,100,117,108,97,114,32,67
11600 DATA 111,109,112,117,116,101,114,32,49,46
11610 DATA 48,10,13,10,13,0,175,17,255,255
11620 DATA 95,33,101,131,201,0,0,0,248,192
11630 DATA 7,192,255,63,0,63,248,255,7,255
11640 DATA 255,205,195,6,254,13,200,254,124,200
11650 DATA 254,46,202,210,6,235,33,214,6,26
11660 DATA 205,202,6,190,40,11,56,46,203,126
11670 DATA 35,40,251,35,35,24,238,213,19,35
11680 DATA 26,205,202,6,254,46,40,10,174,40
11690 DATA 243,254,128,40,3,209,24,226,241,19
11700 DATA 203,126,35,40,251,126,35,102,111,229
11710 DATA 235,195,195,6,62,254,205,240,70,66
11720 DATA 97,100,32,99,111,109,109,97,110,100
11730 DATA 0,126,254,32,192,35,24,249,230,127
11740 DATA 254,96,216,230,95,201,201,195,0,0
11750 DATA 66,89,197,211,6,255,62,221,211,32
11760 DATA 62,10,211,32,126,211,32,35,254,13
11770 DATA 32,248,121,211,32,120,211,32,42,220
11780 DATA 130,126,211,32,35,11,120,177,32,247
11790 DATA 201,62,221,211,32,62,20,211,32,126
11800 DATA 211,32,35,254,13,32,248,219,32,79
11810 DATA 219,32,71,42,220,130,219,32,119,35
11820 DATA 11,120,177,32,247,68,77,33,222,130
11830 DATA 113,35,112,55,201,201,205,142,14,195
11840 DATA 232,76,205,190,14,195,232,76,175,205
11850 DATA 240,70,83,111,114,114,121,0,205,220
11860 DATA 2,55,201,58,0,131,203,95,40,9
11870 DATA 203,159,50,0,131,42,8,131,189,62
11880 DATA 13,119,196,112,5,46,0,77,40,32
11890 DATA 6,0,126,4,35,254,13,245,229,95
11900 DATA 196,149,5,225,241,32,241,62,32,205
11910 DATA 112,5,30,8,229,205,149,5,225,43
11920 DATA 16,248,121,5,40,1,183,204,99,5
11930 DATA 79,17,130,7,213,58,0,131,183,121
11940 DATA 250,214,7,254,11,202,26,8,254,10
11950 DATA 202,77,8,6,0,254,5,40,114,254
11960 DATA 9,40,111,254,7,40,118,254,8,202
11970 DATA 77,8,14,0,254,16,202,178,5,254
11980 DATA 6,40,90,254,4,40,87,254,2,40
11990 DATA 94,254,1,40,110,254,3,40,126,254
12000 DATA 32,48,127,254,13,192,126,205,112,5
12010 DATA 35,214,13,32,247,209,185,194,239,5
12020 DATA 62,10,205,112,5,237,91,244,130,175
12030 DATA 111,34,8,131,186,192,187,192,17,102
12040 DATA 8,6,4,26,190,62,0,192,35,19
12050 DATA 126,254,46,40,2,16,242,175,71,77
12060 DATA 111,17,106,8,235,237,176,33,0,131
12070 DATA 203,222,201,55,44,45,40,69,62,8
12080 DATA 205,112,5,45,208,126,254,13,40,57
12090 DATA 84,93,19,26,27,18,19,254,13,32
12100 DATA 247,209,195,98,7,62,13,190,200,84
12110 DATA 30,254,19,18,27,123,189,27,26,32
12120 DATA 247,54,32,24,232,126,254,13,40,17
12130 DATA 86,119,44,40,9,205,112,5,62,13
12140 DATA 186,192,119,201,45,54,13,14,0,201
12150 DATA 69,68,73,84,76,73,83,84,62,128
12160 DATA 211,35,62,12,211,32,62,0,211,33
12170 DATA 62,3,211,35,62,0,211,34,62,0
12180 DATA 211,33,201,205,141,8,211,32,201,245
12190 DATA 219,37,203,111,40,250,241,201,126,35
12200 DATA 254,0,200,205,135,8,24,246,62,1
12210 DATA 211,36,205,187,8,175,211,36,219,32
12220 DATA 201,62,1,211,36,219,37,203,71,40
12230 DATA 2,24,238,175,201,245,219,37,203,71
12240 DATA 40,250,241,201,219,37,203,71,201,245
12250 DATA 241,201,245,229,197,219,37,203,103,40
12260 DATA 4,62,66,24,26,203,87,40,4,62
12270 DATA 80,24,18,203,95,40,4,62,70,24
12280 DATA 10,203,79,40,4,62,79,24,2,62
12290 DATA 78,33,80,131,119,193,225,241,201,123
12300 DATA 211,17,122,211,17,201,122,211,16,201
12310 DATA 175,211,16,205,254,8,62,1,211,16
12320 DATA 201,22,226,205,2,9,22,35,205,254
12330 DATA 8,22,2,205,254,8,22,84,205,254
12340 DATA 8,22,224,205,2,9,22,1,205,254
12350 DATA 8,6,10,205,213,18,22,224,205,2
12360 DATA 9,22,3,205,254,8,6,10,205,213
12370 DATA 18,22,1,205,2,9,6,20,205,213
12380 DATA 18,22,230,205,2,9,22,3,205,254
12390 DATA 8,22,51,205,254,8,22,51,205,254
12400 DATA 8,22,176,205,2,9,22,32,205,254
12410 DATA 8,22,0,205,254,8,22,3,205,254
12420 DATA 8,22,31,205,254,8,22,1,205,254
12430 DATA 8,22,223,205,254,8,22,0,205,254
12440 DATA 8,22,180,205,2,9,22,4,205,254
12450 DATA 8,22,31,205,254,8,22,0,205,254
12460 DATA 8,22,210,205,254,8,22,0,205,254
12470 DATA 8,22,0,205,254,8,22,0,205,254
12480 DATA 8,22,0,205,254,8,22,182,205,2
12490 DATA 9,22,2,205,254,8,22,12,205,254
12500 DATA 8,22,0,205,254,8,22,34,205,254
12510 DATA 8,22,0,205,254,8,22,0,205,254
12520 DATA 8,22,0,205,254,8,22,184,205,2
12530 DATA 9,22,15,205,254,8,22,1,205,254
12540 DATA 8,22,186,205,2,9,22,1,205,254
12550 DATA 8,22,54,205,2,9,22,8,205,254
12560 DATA 8,22,240,205,2,9,22,6,205,254
12570 DATA 8,6,5,205,213,18,22,188,205,2
12580 DATA 9,22,64,205,254,8,22,128,205,254
12590 DATA 8,22,64,205,254,8,22,1,205,254
12600 DATA 8,6,5,205,213,18,22,41,205,2
12610 DATA 9,22,190,205,2,9,22,6,205,254
12620 DATA 8,22,240,205,254,8,22,1,205,254
12630 DATA 8,22,240,205,254,8,22,0,205,254
12640 DATA 8,22,0,205,254,8,22,208,205,2
12650 DATA 9,22,13,205,254,8,33,0,0,229
12660 DATA 229,33,31,3,229,33,223,1,229,205
12670 DATA 118,10,33,8,0,57,249,201,221,33
12680 DATA 2,0,221,57,22,42,205,2,9,221
12690 DATA 86,7,205,254,8,221,86,6,205,254
12700 DATA 8,221,86,3,205,254,8,221,86,2
12710 DATA 205,254,8,22,43,205,2,9,221,86
12720 DATA 5,205,254,8,221,86,4,205,254,8
12730 DATA 221,86,1,205,254,8,221,86,0,205
12740 DATA 254,8,22,44,205,2,9,201,84,205
12750 DATA 254,8,85,205,254,8,201,221,33,2
12760 DATA 0,221,57,221,102,3,221,110,2,221
12770 DATA 86,1,221,94,0,229,213,229,213,205
12780 DATA 118,10,33,8,0,57,249,42,1,131
12790 DATA 205,188,10,205,237,10,201,33,0,0
12800 DATA 229,229,33,31,3,229,33,223,1,229
12810 DATA 205,118,10,33,8,0,57,249,201,221
12820 DATA 33,2,0,221,57,221,102,5,221,110
12830 DATA 4,221,86,3,221,94,2,221,70,1
12840 DATA 221,78,0,229,33,0,0,183,237,66
12850 DATA 56,10,175,145,79,159,144,71,225,237
12860 DATA 66,229,225,229,213,9,229,213,205,118
12870 DATA 10,33,8,0,57,249,42,1,131,205
12880 DATA 188,10,11,121,176,32,248,205,237,10
12890 DATA 201,221,33,2,0,221,57,221,86,5
12900 DATA 221,94,4,221,102,3,221,110,2,221
12910 DATA 70,1,221,78,0,229,33,0,0,183
12920 DATA 237,66,56,10,175,145,79,159,144,71
12930 DATA 225,237,66,229,225,213,229,213,9,229
12940 DATA 205,118,10,33,8,0,57,249,42,1
12950 DATA 131,205,188,10,11,121,176,32,248,205
12960 DATA 237,10,201,221,33,2,0,221,57,221
12970 DATA 102,5,221,110,4,221,86,1,221,94
12980 DATA 0,183,237,82,32,26,221,70,7,221
12990 DATA 78,6,197,213,221,102,3,221,110,2
13000 DATA 237,66,229,205,3,11,33,6,0,57
13010 DATA 249,201,221,102,7,221,110,6,221,86
13020 DATA 3,221,94,2,183,237,82,32,26,213
13030 DATA 221,70,5,221,78,4,197,221,102,1
13040 DATA 221,110,0,237,66,229,205,75,11,33
13050 DATA 6,0,57,249,201,56,4,175,61,24
13060 DATA 13,213,225,221,86,7,221,94,6,183
13070 DATA 237,82,62,1,6,0,14,0,197,229
13080 DATA 254,1,40,2,6,255,79,197,221,102
13090 DATA 5,221,110,4,221,86,1,221,94,0
13100 DATA 183,237,82,56,4,175,61,24,15,213
13110 DATA 225,221,86,5,221,94,4,183,237,82
13120 DATA 6,0,62,1,254,1,40,2,6,255
13130 DATA 79,229,197,253,33,0,0,253,57,253
13140 DATA 86,7,253,94,6,183,237,82,218,230
13150 DATA 12,202,230,12,25,68,77,203,56,203
13160 DATA 25,33,0,0,237,66,253,116,9,253
13170 DATA 117,8,221,86,5,221,94,4,221,102
13180 DATA 7,221,110,6,213,221,229,229,213,229
13190 DATA 213,205,118,10,33,8,0,57,249,42
13200 DATA 1,131,205,188,10,221,225,209,221,102
13210 DATA 1,221,110,0,237,82,202,121,13,253
13220 DATA 70,1,253,78,0,235,9,221,116,5
13230 DATA 221,117,4,253,86,9,253,94,8,253
13240 DATA 102,7,253,110,6,25,253,116,9,253
13250 DATA 117,8,235,33,0,0,237,82,48,168
13260 DATA 253,70,5,253,78,4,221,102,7,221
13270 DATA 110,6,9,221,116,7,221,117,6,253
13280 DATA 102,9,253,110,8,253,70,3,253,78
13290 DATA 2,237,66,253,116,9,253,117,8,195
13300 DATA 100,12,25,66,75,203,56,203,25,33
13310 DATA 0,0,237,66,253,116,9,253,117,8
13320 DATA 221,86,5,221,94,4,221,102,7,221
13330 DATA 110,6,229,221,229,229,213,229,213,205
13340 DATA 118,10,33,8,0,57,249,42,1,131
13350 DATA 205,188,10,221,225,209,221,102,3,221
13360 DATA 110,2,237,82,40,83,235,253,70,5
13370 DATA 253,78,4,9,221,116,7,221,117,6
13380 DATA 253,86,9,253,94,8,253,102,3,253
13390 DATA 110,2,25,253,116,9,253,117,8,235
13400 DATA 33,0,0,237,82,48,169,253,70,1
13410 DATA 253,78,0,221,102,5,221,110,4,9
13420 DATA 221,116,5,221,117,4,253,102,9,253
13430 DATA 110,8,253,70,7,253,78,6,237,66
13440 DATA 253,116,9,253,117,8,195,248,12,33
13450 DATA 10,0,57,249,201,254,8,202,145,13
13460 DATA 254,10,200,254,13,32,58,33,5,131
13470 DATA 195,54,14,33,5,131,126,56,5,254
13480 DATA 1,200,53,201,254,1,40,10,53,229
13490 DATA 62,32,205,197,13,225,53,183,221,33
13500 DATA 2,0,221,57,221,102,1,221,110,0
13510 DATA 62,0,40,2,43,119,43,119,221,116
13520 DATA 1,221,117,0,201,245,50,7,131,58
13530 DATA 5,131,6,8,22,0,95,33,0,0
13540 DATA 183,237,90,16,252,229,17,8,0,237
13550 DATA 90,43,229,58,6,131,6,10,22,0
13560 DATA 95,33,0,0,237,90,16,252,209,229
13570 DATA 213,17,10,0,237,90,43,229,205,118
13580 DATA 10,33,8,0,57,249,241,33,0,117
13590 DATA 22,0,95,237,90,229,209,14,10,26
13600 DATA 6,8,203,39,56,5,42,3,131,24
13610 DATA 3,42,1,131,245,213,205,188,10,209
13620 DATA 241,16,235,20,13,32,228,33,5,131
13630 DATA 126,60,254,80,40,2,119,201,175,119
13640 DATA 35,126,60,254,47,32,1,175,119,201
13650 DATA 42,3,131,24,3,42,1,131,229,58
13660 DATA 5,131,6,8,22,0,95,33,0,0
13670 DATA 183,237,90,16,252,229,1,8,0,237
13680 DATA 74,43,229,58,6,131,6,10,22,0
13690 DATA 95,33,0,0,237,90,16,252,14,8
13700 DATA 6,0,237,74,209,229,213,35,229,205
13710 DATA 118,10,33,8,0,57,249,225,6,16
13720 DATA 205,188,10,16,251,201,205,237,10,42
13730 DATA 3,131,6,223,14,2,197,6,31,14
13740 DATA 4,205,188,10,16,251,13,32,248,193
13750 DATA 16,240,13,32,237,33,0,0,34,5
13760 DATA 131,201,126,254,0,200,229,205,127,13
13770 DATA 225,35,24,244,205,148,94,217,253,126
13780 DATA 0,254,13,40,44,254,44,32,83,229
13790 DATA 253,35,205,148,94,217,209,123,214,128
13800 DATA 56,7,95,221,33,46,131,24,4,221
13810 DATA 33,14,131,123,254,15,48,54,221,25
13820 DATA 221,25,221,117,0,221,116,1,201,229
13830 DATA 209,123,214,128,56,10,95,221,33,46
13840 DATA 131,33,3,131,24,7,221,33,14,131
13850 DATA 33,1,131,123,254,15,48,14,221,25
13860 DATA 221,25,221,86,0,221,94,1,114,35
13870 DATA 115,201,175,205,240,70,112,97,114,97
13880 DATA 109,32,101,114,114,111,114,0,33,63
13890 DATA 0,34,3,131,33,192,255,34,1,131
13900 DATA 205,142,14,62,0,50,5,131,62,20
13910 DATA 50,6,131,6,26,14,65,121,197,205
13920 DATA 127,13,193,12,16,247,33,10,0,1
13930 DATA 210,0,197,229,229,197,205,147,11,33
13940 DATA 8,0,57,249,33,10,0,1,210,0
13950 DATA 229,229,197,197,205,147,11,33,8,0
13960 DATA 57,249,33,10,0,1,210,0,229,229
13970 DATA 197,229,205,147,11,33,8,0,57,249
13980 DATA 33,10,0,1,210,0,229,229,229,197
13990 DATA 205,147,11,33,8,0,57,249,201,33
14000 DATA 82,131,62,12,119,175,211,41,62,48
14010 DATA 211,40,205,232,18,205,232,18,205,232
14020 DATA 18,205,232,18,6,2,62,48,211,40
14030 DATA 205,232,18,16,247,62,56,205,224,15
14040 DATA 62,15,205,224,15,62,1,205,224,15
14050 DATA 201,245,175,211,41,219,40,23,56,251
14060 DATA 241,211,41,201,245,175,205,211,15,241
14070 DATA 211,40,201,245,62,3,205,211,15,241
14080 DATA 211,40,201,229,205,249,15,225,201,126
14090 DATA 35,254,0,200,205,233,15,24,240,229
14100 DATA 245,62,1,205,224,15,175,33,83,131
14110 DATA 119,35,119,241,225,201,229,245,62,2
14120 DATA 205,224,15,175,33,83,131,119,35,119
14130 DATA 241,225,201,229,245,213,33,83,131,126
14140 DATA 87,35,126,95,62,128,130,203,35,203
14150 DATA 35,203,35,203,35,203,35,131,205,224
14160 DATA 15,209,241,225,201,245,62,128,205,224
14170 DATA 15,241,201,245,62,192,205,224,15,241
14180 DATA 201,245,126,203,223,230,15,205,224,15
14190 DATA 241,201,229,33,82,131,203,206,205,85
14200 DATA 16,225,201,229,33,82,131,203,142,205
14210 DATA 85,16,225,201,229,33,82,131,203,214
14220 DATA 205,85,16,225,201,229,33,82,131,203
14230 DATA 150,205,85,16,225,201,229,33,82,131
14240 DATA 203,198,205,85,16,225,201,229,33,82
14250 DATA 131,203,134,205,85,16,225,201,245,62
14260 DATA 16,205,224,15,241,201,245,62,20,205
14270 DATA 224,15,241,201,245,62,24,205,224,15
14280 DATA 241,201,245,62,28,205,224,15,241,201
14290 DATA 33,78,131,203,142,126,211,8,201,33
14300 DATA 78,131,203,206,126,211,8,201,219,24
14310 DATA 87,203,119,192,24,248,219,24,87,203
14320 DATA 119,200,24,248,122,203,127,32,36,6
14330 DATA 8,205,212,16,205,220,16,203,39,203
14340 DATA 27,16,244,205,212,16,205,220,16,205
14350 DATA 212,16,205,220,16,203,127,40,14,205
14360 DATA 212,16,175,123,201,33,29,17,205,150
14370 DATA 8,55,201,33,64,17,205,150,8,55
14380 DATA 201,69,82,82,79,82,32,83,84,65
14390 DATA 82,84,32,66,73,84,46,78,79,84
14400 DATA 46,65,83,32,69,88,80,69,67,84
14410 DATA 69,68,46,10,13,0,69,82,82,79
14420 DATA 82,32,83,84,79,80,32,66,73,84
14430 DATA 46,78,79,84,46,65,83,32,69,88
14440 DATA 80,69,67,84,69,68,46,10,13,0
14450 DATA 205,121,17,183,32,250,87,205,228,16
14460 DATA 245,205,203,16,241,201,205,98,17,205
14470 DATA 58,18,201,205,194,16,6,10,219,24
14480 DATA 87,203,119,40,8,16,247,62,1,205
14490 DATA 203,16,201,175,201,205,98,17,254,225
14500 DATA 204,182,17,254,240,204,244,17,254,224
14510 DATA 204,192,17,254,18,204,31,18,254,89
14520 DATA 204,31,18,254,20,204,40,18,254,17
14530 DATA 204,49,18,201,205,98,17,254,240,200
14540 DATA 205,98,17,201,205,98,17,254,107,200
14550 DATA 254,114,200,254,116,200,254,117,200,254
14560 DATA 112,200,254,108,200,254,125,200,254,122
14570 DATA 200,254,105,200,254,113,200,254,90,200
14580 DATA 254,17,200,254,20,200,254,240,194,242
14590 DATA 17,205,98,17,175,201,205,98,17,254
14600 DATA 18,204,13,18,254,20,204,19,18,254
14610 DATA 17,204,25,18,254,89,204,13,18,175
14620 DATA 201,33,79,131,203,182,201,33,79,131
14630 DATA 203,190,201,33,79,131,203,174,201,33
14640 DATA 79,131,62,64,174,119,175,201,33,79
14650 DATA 131,62,128,174,119,175,201,33,79,131
14660 DATA 62,32,174,119,175,201,33,76,18,6
14670 DATA 0,79,9,126,33,79,131,70,203,112
14680 DATA 200,198,32,201,0,0,0,0,0,0
14690 DATA 0,0,0,0,0,0,0,0,96,0
14700 DATA 0,0,0,0,0,81,49,0,0,0
14710 DATA 90,83,65,87,50,0,0,67,88,68
14720 DATA 69,52,51,0,0,32,86,70,84,82
14730 DATA 53,0,0,78,66,72,71,89,54,0
14740 DATA 0,0,77,74,85,55,56,0,0,44
14750 DATA 75,73,79,48,57,0,0,46,47,76
14760 DATA 59,80,45,0,0,0,39,0,91,61
14770 DATA 0,0,0,0,13,93,0,0,0,0
14780 DATA 0,0,0,0,0,0,0,0,0,0
14790 DATA 0,0,0,0,0,0,0,0,0,0
14800 DATA 0,0,0,0,0,0,51,0,42,57
14810 DATA 0,0,0,0,201,245,213,27,209,241
14820 DATA 201,205,207,18,16,251,201,245,213,17
14830 DATA 44,1,27,122,179,32,251,209,241,201
14840 DATA 6,80,205,219,18,16,251,201,245,213
14850 DATA 205,251,18,209,205,18,19,241,201,1
14860 DATA 0,16,17,0,0,41,123,143,39,95
14870 DATA 122,143,39,87,121,143,39,79,16,241
14880 DATA 235,201,121,205,41,19,121,205,45,19
14890 DATA 124,205,41,19,124,205,45,19,125,205
14900 DATA 41,19,125,24,4,31,31,31,31,230
14910 DATA 15,198,144,39,206,64,39,18,19,201
14920 DATA 0,0,0,0,0,0,0,0,0,0
14930 DATA 0,0,0,0,0,0,0,0,0,0
14940 DATA 0,0,0,0,0,0,0,0,0,0
14950 DATA 0,0,0,0,0,0,0,0,0,0
14960 DATA 0,0,0,0,0,0,0,0,0,0
14970 DATA 0,0,0,0,0,0,0,0,0,0
14980 DATA 0,0,0,0,0,0,0,0,0,0
14990 DATA 0,0,0,0,0,0,0,0,0,0
15000 DATA 0,0,0,0,0,0,0,0,0,0
15010 DATA 0,0,0,0,0,0,0,0,0,0
