10 Reserve top-0
20 For i=0 to 5001
30 Read a:poke 0+i,a
40 next i
50 ?"type CALL TOP to run your code."
100 END
10000 DATA 195,0,2,195,121,2,0,0,0,0
10010 DATA 0,0,0,0,0,0,0,0,0,0
10020 DATA 0,0,0,0,0,0,0,0,0,0
10030 DATA 0,0,0,0,0,0,0,0,0,0
10040 DATA 0,0,0,0,0,0,0,0,0,0
10050 DATA 0,0,0,0,0,0,0,0,0,0
10060 DATA 0,0,0,0,0,0,0,0,0,0
10070 DATA 0,0,0,0,0,0,0,0,0,0
10080 DATA 0,0,0,0,0,0,0,0,0,0
10090 DATA 0,0,0,0,0,0,0,0,0,0
10100 DATA 0,0,0,0,0,0,0,0,0,0
10110 DATA 0,0,0,0,0,0,0,0,0,0
10120 DATA 0,0,0,0,0,0,0,0,0,0
10130 DATA 0,0,0,0,0,0,0,0,0,0
10140 DATA 0,0,0,0,0,0,0,0,0,0
10150 DATA 0,0,0,0,0,0,0,0,0,0
10160 DATA 0,0,0,0,0,0,0,0,0,0
10170 DATA 0,0,0,0,0,0,0,0,0,0
10180 DATA 0,0,0,0,0,0,0,0,0,0
10190 DATA 0,0,0,0,0,0,0,0,0,0
10200 DATA 0,0,0,0,0,0,0,0,0,0
10210 DATA 0,0,0,0,0,0,0,0,0,0
10220 DATA 0,0,0,0,0,0,0,0,0,0
10230 DATA 0,0,0,0,0,0,0,0,0,0
10240 DATA 0,0,0,0,0,0,0,0,0,0
10250 DATA 0,0,0,0,0,0,195,77,5,195
10260 DATA 80,5,195,81,5,195,88,5,195,106
10270 DATA 5,195,121,5,195,167,5,195,132,5
10280 DATA 195,207,5,195,11,6,195,91,7,195
10290 DATA 125,6,195,63,7,195,63,7,195,63
10300 DATA 7,195,63,7,195,63,7,195,63,7
10310 DATA 195,240,6,195,19,7,195,63,7,195
10320 DATA 63,7,195,63,7,195,63,7,195,251
10330 DATA 5,195,254,5,195,64,7,195,70,7
10340 DATA 195,76,7,195,76,7,195,76,7,195
10350 DATA 76,7,195,76,7,195,76,7,195,76
10360 DATA 7,195,76,7,195,76,7,195,76,7
10370 DATA 195,76,7,0,0,0,0,0,0,0
10380 DATA 0,0,0,0,0,0,0,0,0,0
10390 DATA 0,0,0,0,0,0,0,0,0,0
10400 DATA 0,0,0,0,0,0,0,0,0,0
10410 DATA 0,0,0,0,0,0,0,0,0,0
10420 DATA 0,0,0,0,0,0,0,0,0,0
10430 DATA 0,0,0,0,0,0,0,0,0,0
10440 DATA 0,0,0,0,0,0,0,0,0,0
10450 DATA 0,0,0,0,0,0,0,0,0,0
10460 DATA 0,0,0,0,0,0,0,0,0,0
10470 DATA 0,0,0,0,0,0,0,0,0,0
10480 DATA 0,0,0,0,0,0,0,0,0,0
10490 DATA 0,0,0,0,0,0,0,0,0,0
10500 DATA 0,0,0,0,0,0,0,0,0,0
10510 DATA 0,0,243,6,5,14,0,62,0,237
10520 DATA 121,14,0,62,255,237,121,16,242,17
10530 DATA 1,0,62,0,79,33,0,128,6,8
10540 DATA 119,78,185,194,57,2,25,198,32,79
10550 DATA 16,244,6,5,14,8,62,64,237,121
10560 DATA 198,128,237,121,16,244,195,66,2,14
10570 DATA 56,62,64,237,121,195,57,2,237,86
10580 DATA 243,49,240,255,205,130,8,33,19,5
10590 DATA 205,170,8,205,23,9,33,63,0,34
10600 DATA 3,131,33,192,255,34,1,131,33,0
10610 DATA 5,205,170,8,205,148,14,62,1,50
10620 DATA 5,131,62,22,50,6,131,33,120,4
10630 DATA 205,184,14,33,237,4,205,170,8,33
10640 DATA 41,5,205,170,8,33,73,4,62,30
10650 DATA 50,5,131,62,2,50,6,131,205,184
10660 DATA 14,205,205,2,254,85,204,57,3,254
10670 DATA 88,202,28,3,254,84,204,224,3,254
10680 DATA 83,204,18,4,254,73,204,130,3,254
10690 DATA 89,204,246,3,254,72,204,5,4,254
10700 DATA 74,204,174,3,254,67,204,148,14,254
10710 DATA 76,204,54,15,195,121,2,175,205,202
10720 DATA 8,40,4,205,180,8,201,205,211,16
10730 DATA 254,0,40,239,205,232,16,254,0,202
10740 DATA 205,2,205,147,17,245,205,155,8,62
10750 DATA 10,205,155,8,62,13,205,155,8,241
10760 DATA 201,205,83,16,33,11,3,205,249,15
10770 DATA 205,113,16,205,146,16,195,21,160,60
10780 DATA 60,32,67,68,69,83,80,32,50,48
10790 DATA 49,54,32,62,62,0,205,9,16,205
10800 DATA 83,16,33,201,4,205,249,15,205,75
10810 DATA 16,62,5,205,199,18,17,84,131,26
10820 DATA 111,19,26,103,233,33,188,4,205,83
10830 DATA 16,205,249,15,205,180,8,111,205,180
10840 DATA 8,103,205,180,8,79,205,180,8,71
10850 DATA 17,84,131,125,18,19,124,18,254,128
10860 DATA 40,2,56,2,211,124,229,205,180,8
10870 DATA 119,35,11,120,177,32,246,211,125,33
10880 DATA 173,4,205,9,16,205,249,15,62,5
10890 DATA 205,199,18,205,212,18,225,201,33,188
10900 DATA 4,205,83,16,205,249,15,205,180,8
10910 DATA 111,205,180,8,103,205,180,8,79,205
10920 DATA 180,8,71,17,84,131,125,18,19,124
10930 DATA 18,205,180,8,119,35,11,120,177,32
10940 DATA 246,201,205,180,8,111,205,180,8,103
10950 DATA 205,180,8,79,205,180,8,71,126,205
10960 DATA 155,8,35,11,120,177,32,246,201,219
10970 DATA 71,254,0,40,250,254,255,40,246,254
10980 DATA 1,202,201,3,205,155,8,205,225,18
10990 DATA 24,233,0,6,10,197,205,180,8,205
11000 DATA 155,8,62,32,62,82,205,225,18,193
11010 DATA 16,239,175,201,0,6,255,197,205,180
11020 DATA 8,205,155,8,193,16,246,175,201,0
11030 DATA 6,255,197,120,205,155,8,193,16,248
11040 DATA 175,201,201,229,213,197,205,222,16,193
11050 DATA 209,225,254,0,192,203,182,35,126,43
11060 DATA 201,205,155,8,201,205,180,8,201,245
11070 DATA 38,0,111,17,87,131,205,233,18,62
11080 DATA 10,18,19,62,13,18,19,175,18,33
11090 DATA 87,131,205,170,8,241,201,85,73,58
11100 DATA 85,80,44,88,58,82,85,78,44,84
11110 DATA 89,72,58,82,83,44,83,58,68,73
11120 DATA 83,80,44,78,77,58,78,66,82,79
11130 DATA 77,44,67,86,58,84,86,44,32,74
11140 DATA 58,68,78,0,76,67,68,32,73,78
11150 DATA 73,84,73,65,76,73,90,69,68,0
11160 DATA 82,83,50,51,50,32,73,78,73,84
11170 DATA 0,80,82,79,71,82,65,77,32,72
11180 DATA 65,76,84,69,68,0,87,65,73,84
11190 DATA 73,78,71,46,46,46,0,80,82,71
11200 DATA 32,84,82,65,78,83,70,69,82,69
11210 DATA 68,0,82,69,67,69,73,86,73,78
11220 DATA 71,46,46,46,0,80,82,71,32,69
11230 DATA 88,69,67,85,84,69,0,73,77,65
11240 DATA 71,69,32,67,79,80,89,0,83,67
11250 DATA 82,69,69,78,32,82,69,65,68,89
11260 DATA 0,85,58,85,80,44,88,58,82,85
11270 DATA 78,44,84,58,82,83,44,10,13,0
11280 DATA 67,76,69,65,82,73,78,71,32,83
11290 DATA 67,82,69,69,78,46,10,13,0,10
11300 DATA 13,82,83,50,51,50,32,73,78,73
11310 DATA 84,73,65,76,73,90,69,68,10,13
11320 DATA 0,10,13,87,65,73,84,73,78,71
11330 DATA 46,46,46,10,13,0,0,10,13,75
11340 DATA 69,89,32,80,82,69,83,83,69,68
11350 DATA 10,13,0,0,195,54,15,195,148,14
11360 DATA 201,17,0,0,33,0,0,201,99,229
11370 DATA 205,72,14,225,124,50,5,131,125,50
11380 DATA 6,131,205,77,14,201,22,0,58,5
11390 DATA 131,95,38,0,58,6,131,111,201,6
11400 DATA 80,229,237,98,205,207,5,225,216,24
11410 DATA 246,201,245,213,229,95,205,238,5,205
11420 DATA 146,5,225,209,241,201,58,0,131,203
11430 DATA 95,40,16,123,254,32,216,42,8,131
11440 DATA 115,44,200,34,8,131,201,30,62,123
11450 DATA 211,0,245,197,213,229,245,197,213,229
11460 DATA 205,72,14,225,209,193,241,205,133,13
11470 DATA 205,77,14,225,209,193,241,201,58,0
11480 DATA 131,238,4,50,0,131,201,229,33,11
11490 DATA 131,126,54,0,225,183,55,192,205,86
11500 DATA 7,208,254,27,55,192,229,33,0,131
11510 DATA 203,118,32,2,203,254,225,201,205,187
11520 DATA 8,183,200,254,27,40,235,50,11,131
11530 DATA 201,205,238,5,58,0,131,183,240,33
11540 DATA 0,131,203,190,195,194,45,243,33,246
11550 DATA 130,62,6,119,62,187,119,33,0,0
11560 DATA 34,5,131,17,255,255,33,1,131,115
11570 DATA 35,114,35,17,0,0,115,35,114,17
11580 DATA 14,131,205,57,6,17,46,131,205,57
11590 DATA 6,24,9,33,109,6,1,16,0,237
11600 DATA 176,201,205,43,44,67,68,69,83,80
11610 DATA 32,77,111,100,117,108,97,114,32,67
11620 DATA 111,109,112,117,116,101,114,32,49,46
11630 DATA 48,10,13,10,13,0,175,17,255,255
11640 DATA 95,33,89,131,201,0,0,0,248,192
11650 DATA 7,192,255,63,0,63,248,255,7,255
11660 DATA 255,205,215,6,254,13,200,254,124,200
11670 DATA 254,46,202,230,6,235,33,234,6,26
11680 DATA 205,222,6,190,40,11,56,46,203,126
11690 DATA 35,40,251,35,35,24,238,213,19,35
11700 DATA 26,205,222,6,254,46,40,10,174,40
11710 DATA 243,254,128,40,3,209,24,226,241,19
11720 DATA 203,126,35,40,251,126,35,102,111,229
11730 DATA 235,195,215,6,62,254,205,240,38,66
11740 DATA 97,100,32,99,111,109,109,97,110,100
11750 DATA 0,126,254,32,192,35,24,249,230,127
11760 DATA 254,96,216,230,95,201,201,195,0,0
11770 DATA 66,89,197,231,6,255,62,221,211,32
11780 DATA 62,10,211,32,126,211,32,35,254,13
11790 DATA 32,248,121,211,32,120,211,32,42,220
11800 DATA 130,126,211,32,35,11,120,177,32,247
11810 DATA 201,62,221,211,32,62,20,211,32,126
11820 DATA 211,32,35,254,13,32,248,219,32,79
11830 DATA 219,32,71,42,220,130,219,32,119,35
11840 DATA 11,120,177,32,247,68,77,33,222,130
11850 DATA 113,35,112,55,201,201,205,148,14,195
11860 DATA 232,44,205,196,14,195,232,44,175,205
11870 DATA 240,38,83,111,114,114,121,0,205,205
11880 DATA 2,55,201,58,0,131,203,95,40,9
11890 DATA 203,159,50,0,131,42,8,131,189,62
11900 DATA 13,119,196,132,5,46,0,77,40,32
11910 DATA 6,0,126,4,35,254,13,245,229,95
11920 DATA 196,169,5,225,241,32,241,62,32,205
11930 DATA 132,5,30,8,229,205,169,5,225,43
11940 DATA 16,248,121,5,40,1,183,204,119,5
11950 DATA 79,17,150,7,213,58,0,131,183,121
11960 DATA 250,234,7,254,11,202,46,8,254,10
11970 DATA 202,97,8,6,0,254,5,40,114,254
11980 DATA 9,40,111,254,7,40,118,254,8,202
11990 DATA 97,8,14,0,254,16,202,198,5,254
12000 DATA 6,40,90,254,4,40,87,254,2,40
12010 DATA 94,254,1,40,110,254,3,40,126,254
12020 DATA 32,48,127,254,13,192,126,205,132,5
12030 DATA 35,214,13,32,247,209,185,194,3,6
12040 DATA 62,10,205,132,5,237,91,244,130,175
12050 DATA 111,34,8,131,186,192,187,192,17,122
12060 DATA 8,6,4,26,190,62,0,192,35,19
12070 DATA 126,254,46,40,2,16,242,175,71,77
12080 DATA 111,17,126,8,235,237,176,33,0,131
12090 DATA 203,222,201,55,44,45,40,69,62,8
12100 DATA 205,132,5,45,208,126,254,13,40,57
12110 DATA 84,93,19,26,27,18,19,254,13,32
12120 DATA 247,209,195,118,7,62,13,190,200,84
12130 DATA 30,254,19,18,27,123,189,27,26,32
12140 DATA 247,54,32,24,232,126,254,13,40,17
12150 DATA 86,119,44,40,9,205,132,5,62,13
12160 DATA 186,192,119,201,45,54,13,14,0,201
12170 DATA 69,68,73,84,76,73,83,84,62,128
12180 DATA 211,35,62,12,211,32,62,0,211,33
12190 DATA 62,3,211,35,62,0,211,34,62,0
12200 DATA 211,33,201,205,161,8,211,32,201,245
12210 DATA 219,37,203,111,40,250,241,201,126,35
12220 DATA 254,0,200,205,155,8,24,246,62,1
12230 DATA 211,36,205,193,8,175,211,36,219,32
12240 DATA 201,245,219,37,203,71,40,250,241,201
12250 DATA 219,37,203,71,201,245,241,201,245,229
12260 DATA 197,219,37,203,103,40,4,62,66,24
12270 DATA 26,203,87,40,4,62,80,24,18,203
12280 DATA 95,40,4,62,70,24,10,203,79,40
12290 DATA 4,62,79,24,2,62,78,33,79,131
12300 DATA 119,193,225,241,201,123,211,17,122,211
12310 DATA 17,201,122,211,16,201,175,211,16,205
12320 DATA 4,9,62,1,211,16,201,22,226,205
12330 DATA 8,9,22,35,205,4,9,22,2,205
12340 DATA 4,9,22,84,205,4,9,22,224,205
12350 DATA 8,9,22,1,205,4,9,6,10,205
12360 DATA 206,18,22,224,205,8,9,22,3,205
12370 DATA 4,9,6,10,205,206,18,22,1,205
12380 DATA 8,9,6,20,205,206,18,22,230,205
12390 DATA 8,9,22,3,205,4,9,22,51,205
12400 DATA 4,9,22,51,205,4,9,22,176,205
12410 DATA 8,9,22,32,205,4,9,22,0,205
12420 DATA 4,9,22,3,205,4,9,22,31,205
12430 DATA 4,9,22,1,205,4,9,22,223,205
12440 DATA 4,9,22,0,205,4,9,22,180,205
12450 DATA 8,9,22,4,205,4,9,22,31,205
12460 DATA 4,9,22,0,205,4,9,22,210,205
12470 DATA 4,9,22,0,205,4,9,22,0,205
12480 DATA 4,9,22,0,205,4,9,22,0,205
12490 DATA 4,9,22,182,205,8,9,22,2,205
12500 DATA 4,9,22,12,205,4,9,22,0,205
12510 DATA 4,9,22,34,205,4,9,22,0,205
12520 DATA 4,9,22,0,205,4,9,22,0,205
12530 DATA 4,9,22,184,205,8,9,22,15,205
12540 DATA 4,9,22,1,205,4,9,22,186,205
12550 DATA 8,9,22,1,205,4,9,22,54,205
12560 DATA 8,9,22,8,205,4,9,22,240,205
12570 DATA 8,9,22,6,205,4,9,6,5,205
12580 DATA 206,18,22,188,205,8,9,22,64,205
12590 DATA 4,9,22,128,205,4,9,22,64,205
12600 DATA 4,9,22,1,205,4,9,6,5,205
12610 DATA 206,18,22,41,205,8,9,22,190,205
12620 DATA 8,9,22,6,205,4,9,22,240,205
12630 DATA 4,9,22,1,205,4,9,22,240,205
12640 DATA 4,9,22,0,205,4,9,22,0,205
12650 DATA 4,9,22,208,205,8,9,22,13,205
12660 DATA 4,9,33,0,0,229,229,33,31,3
12670 DATA 229,33,223,1,229,205,124,10,33,8
12680 DATA 0,57,249,201,221,33,2,0,221,57
12690 DATA 22,42,205,8,9,221,86,7,205,4
12700 DATA 9,221,86,6,205,4,9,221,86,3
12710 DATA 205,4,9,221,86,2,205,4,9,22
12720 DATA 43,205,8,9,221,86,5,205,4,9
12730 DATA 221,86,4,205,4,9,221,86,1,205
12740 DATA 4,9,221,86,0,205,4,9,22,44
12750 DATA 205,8,9,201,84,205,4,9,85,205
12760 DATA 4,9,201,221,33,2,0,221,57,221
12770 DATA 102,3,221,110,2,221,86,1,221,94
12780 DATA 0,229,213,229,213,205,124,10,33,8
12790 DATA 0,57,249,42,1,131,205,194,10,205
12800 DATA 243,10,201,33,0,0,229,229,33,31
12810 DATA 3,229,33,223,1,229,205,124,10,33
12820 DATA 8,0,57,249,201,221,33,2,0,221
12830 DATA 57,221,102,5,221,110,4,221,86,3
12840 DATA 221,94,2,221,70,1,221,78,0,229
12850 DATA 33,0,0,183,237,66,56,10,175,145
12860 DATA 79,159,144,71,225,237,66,229,225,229
12870 DATA 213,9,229,213,205,124,10,33,8,0
12880 DATA 57,249,42,1,131,205,194,10,11,121
12890 DATA 176,32,248,205,243,10,201,221,33,2
12900 DATA 0,221,57,221,86,5,221,94,4,221
12910 DATA 102,3,221,110,2,221,70,1,221,78
12920 DATA 0,229,33,0,0,183,237,66,56,10
12930 DATA 175,145,79,159,144,71,225,237,66,229
12940 DATA 225,213,229,213,9,229,205,124,10,33
12950 DATA 8,0,57,249,42,1,131,205,194,10
12960 DATA 11,121,176,32,248,205,243,10,201,221
12970 DATA 33,2,0,221,57,221,102,5,221,110
12980 DATA 4,221,86,1,221,94,0,183,237,82
12990 DATA 32,26,221,70,7,221,78,6,197,213
13000 DATA 221,102,3,221,110,2,237,66,229,205
13010 DATA 9,11,33,6,0,57,249,201,221,102
13020 DATA 7,221,110,6,221,86,3,221,94,2
13030 DATA 183,237,82,32,26,213,221,70,5,221
13040 DATA 78,4,197,221,102,1,221,110,0,237
13050 DATA 66,229,205,81,11,33,6,0,57,249
13060 DATA 201,56,4,175,61,24,13,213,225,221
13070 DATA 86,7,221,94,6,183,237,82,62,1
13080 DATA 6,0,14,0,197,229,254,1,40,2
13090 DATA 6,255,79,197,221,102,5,221,110,4
13100 DATA 221,86,1,221,94,0,183,237,82,56
13110 DATA 4,175,61,24,15,213,225,221,86,5
13120 DATA 221,94,4,183,237,82,6,0,62,1
13130 DATA 254,1,40,2,6,255,79,229,197,253
13140 DATA 33,0,0,253,57,253,86,7,253,94
13150 DATA 6,183,237,82,218,236,12,202,236,12
13160 DATA 25,68,77,203,56,203,25,33,0,0
13170 DATA 237,66,253,116,9,253,117,8,221,86
13180 DATA 5,221,94,4,221,102,7,221,110,6
13190 DATA 213,221,229,229,213,229,213,205,124,10
13200 DATA 33,8,0,57,249,42,1,131,205,194
13210 DATA 10,221,225,209,221,102,1,221,110,0
13220 DATA 237,82,202,127,13,253,70,1,253,78
13230 DATA 0,235,9,221,116,5,221,117,4,253
13240 DATA 86,9,253,94,8,253,102,7,253,110
13250 DATA 6,25,253,116,9,253,117,8,235,33
13260 DATA 0,0,237,82,48,168,253,70,5,253
13270 DATA 78,4,221,102,7,221,110,6,9,221
13280 DATA 116,7,221,117,6,253,102,9,253,110
13290 DATA 8,253,70,3,253,78,2,237,66,253
13300 DATA 116,9,253,117,8,195,106,12,25,66
13310 DATA 75,203,56,203,25,33,0,0,237,66
13320 DATA 253,116,9,253,117,8,221,86,5,221
13330 DATA 94,4,221,102,7,221,110,6,229,221
13340 DATA 229,229,213,229,213,205,124,10,33,8
13350 DATA 0,57,249,42,1,131,205,194,10,221
13360 DATA 225,209,221,102,3,221,110,2,237,82
13370 DATA 40,83,235,253,70,5,253,78,4,9
13380 DATA 221,116,7,221,117,6,253,86,9,253
13390 DATA 94,8,253,102,3,253,110,2,25,253
13400 DATA 116,9,253,117,8,235,33,0,0,237
13410 DATA 82,48,169,253,70,1,253,78,0,221
13420 DATA 102,5,221,110,4,9,221,116,5,221
13430 DATA 117,4,253,102,9,253,110,8,253,70
13440 DATA 7,253,78,6,237,66,253,116,9,253
13450 DATA 117,8,195,254,12,33,10,0,57,249
13460 DATA 201,254,8,202,151,13,254,10,200,254
13470 DATA 13,32,58,33,5,131,195,60,14,33
13480 DATA 5,131,126,56,5,254,1,200,53,201
13490 DATA 254,1,40,10,53,229,62,32,205,203
13500 DATA 13,225,53,183,221,33,2,0,221,57
13510 DATA 221,102,1,221,110,0,62,0,40,2
13520 DATA 43,119,43,119,221,116,1,221,117,0
13530 DATA 201,245,50,7,131,58,5,131,6,8
13540 DATA 22,0,95,33,0,0,183,237,90,16
13550 DATA 252,229,17,8,0,237,90,43,229,58
13560 DATA 6,131,6,10,22,0,95,33,0,0
13570 DATA 237,90,16,252,209,229,213,17,10,0
13580 DATA 237,90,43,229,205,124,10,33,8,0
13590 DATA 57,249,241,33,0,117,22,0,95,237
13600 DATA 90,229,209,14,10,26,6,8,203,39
13610 DATA 56,5,42,3,131,24,3,42,1,131
13620 DATA 245,213,205,194,10,209,241,16,235,20
13630 DATA 13,32,228,33,5,131,126,60,254,80
13640 DATA 40,2,119,201,175,119,35,126,60,254
13650 DATA 47,32,1,175,119,201,42,3,131,24
13660 DATA 3,42,1,131,229,58,5,131,6,8
13670 DATA 22,0,95,33,0,0,183,237,90,16
13680 DATA 252,229,1,8,0,237,74,43,229,58
13690 DATA 6,131,6,10,22,0,95,33,0,0
13700 DATA 237,90,16,252,14,8,6,0,237,74
13710 DATA 209,229,213,35,229,205,124,10,33,8
13720 DATA 0,57,249,225,6,16,205,194,10,16
13730 DATA 251,201,205,243,10,42,3,131,6,223
13740 DATA 14,2,197,6,31,14,4,205,194,10
13750 DATA 16,251,13,32,248,193,16,240,13,32
13760 DATA 237,33,0,0,34,5,131,201,126,254
13770 DATA 0,200,229,205,133,13,225,35,24,244
13780 DATA 205,0,0,217,253,126,0,254,13,40
13790 DATA 44,254,44,32,83,229,253,35,205,0
13800 DATA 0,217,209,123,214,128,56,7,95,221
13810 DATA 33,46,131,24,4,221,33,14,131,123
13820 DATA 254,15,48,54,221,25,221,25,221,117
13830 DATA 0,221,116,1,201,229,209,123,214,128
13840 DATA 56,10,95,221,33,46,131,33,3,131
13850 DATA 24,7,221,33,14,131,33,1,131,123
13860 DATA 254,15,48,14,221,25,221,25,221,86
13870 DATA 0,221,94,1,114,35,115,201,175,205
13880 DATA 0,0,112,97,114,97,109,32,101,114
13890 DATA 114,111,114,0,33,63,0,34,3,131
13900 DATA 33,192,255,34,1,131,205,148,14,62
13910 DATA 0,50,5,131,62,20,50,6,131,6
13920 DATA 26,14,65,121,197,205,133,13,193,12
13930 DATA 16,247,33,10,0,1,210,0,197,229
13940 DATA 229,197,205,153,11,33,8,0,57,249
13950 DATA 33,10,0,1,210,0,229,229,197,197
13960 DATA 205,153,11,33,8,0,57,249,33,10
13970 DATA 0,1,210,0,229,229,197,229,205,153
13980 DATA 11,33,8,0,57,249,33,10,0,1
13990 DATA 210,0,229,229,229,197,205,153,11,33
14000 DATA 8,0,57,249,201,33,81,131,62,12
14010 DATA 119,175,211,65,62,48,211,64,205,225
14020 DATA 18,205,225,18,205,225,18,205,225,18
14030 DATA 6,2,62,48,211,64,205,225,18,16
14040 DATA 247,62,56,205,230,15,62,15,205,230
14050 DATA 15,62,1,205,230,15,201,245,175,211
14060 DATA 65,219,64,23,56,251,241,211,65,201
14070 DATA 245,175,205,217,15,241,211,64,201,245
14080 DATA 62,3,205,217,15,241,211,64,201,229
14090 DATA 205,255,15,225,201,126,35,254,0,200
14100 DATA 205,239,15,24,240,229,245,62,1,205
14110 DATA 230,15,175,33,82,131,119,35,119,241
14120 DATA 225,201,229,245,62,2,205,230,15,175
14130 DATA 33,82,131,119,35,119,241,225,201,229
14140 DATA 245,213,33,82,131,126,87,35,126,95
14150 DATA 62,128,130,203,35,203,35,203,35,203
14160 DATA 35,203,35,131,205,230,15,209,241,225
14170 DATA 201,245,62,128,205,230,15,241,201,245
14180 DATA 62,192,205,230,15,241,201,245,126,203
14190 DATA 223,230,15,205,230,15,241,201,229,33
14200 DATA 81,131,203,206,205,91,16,225,201,229
14210 DATA 33,81,131,203,142,205,91,16,225,201
14220 DATA 229,33,81,131,203,214,205,91,16,225
14230 DATA 201,229,33,81,131,203,150,205,91,16
14240 DATA 225,201,229,33,81,131,203,198,205,91
14250 DATA 16,225,201,229,33,81,131,203,134,205
14260 DATA 91,16,225,201,245,62,16,205,230,15
14270 DATA 241,201,245,62,20,205,230,15,241,201
14280 DATA 245,62,24,205,230,15,241,201,245,62
14290 DATA 28,205,230,15,241,201,219,6,203,111
14300 DATA 40,250,219,70,211,71,201,219,6,203
14310 DATA 111,40,3,62,1,201,175,201,205,232
14320 DATA 16,254,0,200,205,165,17,201,205,200
14330 DATA 16,254,225,204,15,17,254,240,204,77
14340 DATA 17,254,224,204,25,17,254,18,204,120
14350 DATA 17,254,89,204,120,17,254,20,204,129
14360 DATA 17,254,17,204,138,17,201,205,200,16
14370 DATA 254,240,200,205,200,16,201,205,200,16
14380 DATA 254,107,200,254,114,200,254,116,200,254
14390 DATA 117,200,254,112,200,254,108,200,254,125
14400 DATA 200,254,122,200,254,105,200,254,113,200
14410 DATA 254,90,200,254,17,200,254,20,200,254
14420 DATA 240,194,75,17,205,200,16,175,201,205
14430 DATA 200,16,254,18,204,102,17,254,20,204
14440 DATA 108,17,254,17,204,114,17,254,89,204
14450 DATA 102,17,175,201,33,78,131,203,182,201
14460 DATA 33,78,131,203,190,201,33,78,131,203
14470 DATA 174,201,33,78,131,62,64,174,119,175
14480 DATA 201,33,78,131,62,128,174,119,175,201
14490 DATA 33,78,131,62,32,174,119,175,201,33
14500 DATA 195,17,6,0,79,9,126,33,78,131
14510 DATA 70,203,112,200,198,32,201,33,69,18
14520 DATA 6,0,79,9,126,254,0,200,33,78
14530 DATA 131,203,110,40,4,6,192,24,6,79
14540 DATA 126,230,192,71,121,176,201,0,0,0
14550 DATA 0,0,0,0,0,0,0,0,0,0
14560 DATA 0,96,0,0,0,0,0,0,81,49
14570 DATA 0,0,0,90,83,65,87,50,0,0
14580 DATA 67,88,68,69,52,51,0,0,32,86
14590 DATA 70,84,82,53,0,0,78,66,72,71
14600 DATA 89,54,0,0,0,77,74,85,55,56
14610 DATA 0,0,44,75,73,79,48,57,0,0
14620 DATA 46,47,76,59,80,45,0,0,0,39
14630 DATA 0,91,61,0,0,0,0,13,93,0
14640 DATA 0,0,0,0,0,0,0,0,0,0
14650 DATA 0,0,0,0,0,0,0,0,0,0
14660 DATA 0,0,0,0,0,0,0,0,0,51
14670 DATA 0,42,57,0,0,0,0,0,0,0
14680 DATA 0,0,0,0,0,0,0,0,0,0
14690 DATA 164,0,0,0,0,0,0,0,14,9
14700 DATA 0,0,0,60,45,46,13,8,0,0
14710 DATA 58,59,44,12,6,7,0,0,15,57
14720 DATA 43,10,11,5,0,0,52,56,41,42
14730 DATA 37,4,0,0,0,53,51,35,3,19
14740 DATA 0,0,54,62,36,38,21,20,0,0
14750 DATA 55,47,39,40,26,28,0,0,0,67
14760 DATA 0,86,27,0,0,0,0,30,0,0
14770 DATA 0,0,0,0,0,0,0,0,0,64
14780 DATA 0,0,154,0,2,63,0,0,0,61
14790 DATA 165,34,0,18,50,31,25,0,29,7
14800 DATA 28,24,20,0,0,0,0,201,245,213
14810 DATA 27,209,241,201,205,200,18,16,251,201
14820 DATA 245,213,17,44,1,27,122,179,32,251
14830 DATA 209,241,201,6,80,205,212,18,16,251
14840 DATA 201,245,213,205,244,18,209,205,11,19
14850 DATA 241,201,1,0,16,17,0,0,41,123
14860 DATA 143,39,95,122,143,39,87,121,143,39
14870 DATA 79,16,241,235,201,121,205,34,19,121
14880 DATA 205,38,19,124,205,34,19,124,205,38
14890 DATA 19,125,205,34,19,125,24,4,31,31
14900 DATA 31,31,230,15,198,144,39,206,64,39
14910 DATA 18,19,201,0,0,0,0,0,0,0
14920 DATA 0,0,0,0,0,0,0,0,0,0
14930 DATA 0,0,0,0,0,0,0,0,0,0
14940 DATA 0,0,0,0,0,0,0,0,0,0
14950 DATA 0,0,0,0,0,0,0,0,0,0
14960 DATA 0,0,0,0,0,0,0,0,0,0
14970 DATA 0,0,0,0,0,0,0,0,0,0
14980 DATA 0,0,0,0,0,0,0,0,0,0
14990 DATA 0,0,0,0,0,0,0,0,0,0
