10 Reserve top-0
20 For i=0 to 10174
30 Read a:poke 0+i,a
40 next i
50 ?"type CALL TOP to run your code."
100 END
10000 DATA 0,195,0,2,195,162,2,37,0,0
10010 DATA 0,0,0,0,0,0,0,0,0,0
10020 DATA 0,0,0,0,0,0,0,0,0,0
10030 DATA 0,0,0,0,0,0,0,0,0,0
10040 DATA 0,0,0,0,0,0,0,0,0,0
10050 DATA 0,0,0,0,0,0,195,122,5,0
10060 DATA 0,0,0,0,0,0,0,0,0,0
10070 DATA 0,0,0,0,0,0,0,0,0,0
10080 DATA 0,0,0,0,0,0,0,0,0,0
10090 DATA 0,0,0,0,0,0,0,0,0,0
10100 DATA 0,0,0,0,0,0,0,0,0,0
10110 DATA 0,0,0,0,0,0,0,0,0,0
10120 DATA 0,0,0,0,0,0,0,0,0,0
10130 DATA 0,0,0,0,0,0,0,0,0,0
10140 DATA 0,0,0,0,0,0,0,0,0,0
10150 DATA 0,0,0,0,0,0,0,0,0,0
10160 DATA 0,0,0,0,0,0,0,0,0,0
10170 DATA 0,0,0,0,0,0,0,0,0,0
10180 DATA 0,0,0,0,0,0,0,0,0,0
10190 DATA 0,0,0,0,0,0,0,0,0,0
10200 DATA 0,0,0,0,0,0,0,0,0,0
10210 DATA 0,0,0,0,0,0,0,0,0,0
10220 DATA 0,0,0,0,0,0,0,0,0,0
10230 DATA 0,0,0,0,0,0,0,0,0,0
10240 DATA 0,0,0,0,0,0,0,0,0,0
10250 DATA 0,0,0,0,0,0,195,221,29,195
10260 DATA 224,29,195,241,29,195,2,30,195,20
10270 DATA 30,195,35,30,195,224,31,195,46,30
10280 DATA 195,14,32,195,74,32,195,138,36,195
10290 DATA 20,33,195,226,35,195,226,35,195,226
10300 DATA 35,195,226,35,195,226,35,195,226,35
10310 DATA 195,94,29,195,135,29,195,226,35,195
10320 DATA 226,35,195,226,35,195,229,35,195,58
10330 DATA 32,195,61,32,195,237,35,195,5,36
10340 DATA 195,16,36,195,54,36,195,249,35,195
10350 DATA 230,35,195,26,36,195,36,36,195,54
10360 DATA 36,195,54,36,195,46,36,195,60,36
10370 DATA 195,54,36,0,0,0,0,0,0,0
10380 DATA 0,0,0,0,0,0,0,0,0,0
10390 DATA 0,0,0,0,0,0,0,0,0,0
10400 DATA 0,0,0,0,0,0,0,0,0,0
10410 DATA 0,0,0,0,0,0,0,0,0,0
10420 DATA 0,0,0,0,0,0,0,0,0,0
10430 DATA 0,0,0,0,0,0,0,0,0,0
10440 DATA 0,0,0,0,0,0,0,0,0,0
10450 DATA 0,0,0,0,0,0,0,0,0,0
10460 DATA 0,0,0,0,0,0,0,0,0,0
10470 DATA 0,0,0,0,0,0,0,0,0,0
10480 DATA 0,0,0,0,0,0,0,0,0,0
10490 DATA 0,0,0,0,0,0,0,0,0,0
10500 DATA 0,0,0,0,0,0,0,0,0,0
10510 DATA 0,0,243,195,69,2,6,5,14,0
10520 DATA 62,0,237,121,14,0,62,255,237,121
10530 DATA 16,242,17,1,0,62,0,79,33,0
10540 DATA 128,6,8,119,78,185,194,60,2,25
10550 DATA 198,32,79,16,244,6,5,14,8,62
10560 DATA 64,237,121,198,128,237,121,16,244,195
10570 DATA 69,2,14,56,62,64,237,121,195,60
10580 DATA 2,243,237,86,49,240,255,205,23,4
10590 DATA 205,131,6,62,12,205,229,5,33,67
10600 DATA 5,205,13,6,205,109,11,205,249,12
10610 DATA 205,206,13,33,71,4,205,79,14,205
10620 DATA 226,14,33,0,0,34,3,131,33,192
10630 DATA 255,34,1,131,33,48,5,205,13,6
10640 DATA 205,240,22,175,50,15,131,62,0,50
10650 DATA 13,131,62,0,50,14,131,33,140,4
10660 DATA 205,48,23,62,30,50,13,131,33,71
10670 DATA 4,205,48,23,175,50,15,131,33,1
10680 DATA 5,205,13,6,33,89,5,205,13,6
10690 DATA 33,87,4,62,5,50,13,131,62,2
10700 DATA 50,14,131,205,48,23,205,29,3,254
10710 DATA 85,204,76,3,254,88,202,62,3,254
10720 DATA 84,204,195,3,254,83,204,245,3,254
10730 DATA 73,204,131,3,254,89,204,217,3,254
10740 DATA 72,204,232,3,254,74,204,168,3,254
10750 DATA 67,204,240,22,254,66,202,0,64,195
10760 DATA 162,2,205,96,36,175,205,64,6,40
10770 DATA 4,205,23,6,201,205,117,7,254,0
10780 DATA 200,245,205,254,5,62,10,205,254,5
10790 DATA 62,13,205,254,5,241,201,175,205,64
10800 DATA 6,40,4,205,23,6,201,205,117,7
10810 DATA 254,0,40,239,245,205,254,5,62,10
10820 DATA 205,254,5,62,13,205,254,5,241,201
10830 DATA 62,5,205,177,37,17,164,131,26,111
10840 DATA 19,26,103,233,243,205,23,6,111,205
10850 DATA 23,6,103,205,23,6,79,205,23,6
10860 DATA 71,17,164,131,125,18,19,124,18,254
10870 DATA 128,220,33,4,229,205,23,6,119,35
10880 DATA 11,120,177,32,246,205,23,4,62,5
10890 DATA 205,177,37,205,190,37,225,251,201,243
10900 DATA 205,23,6,111,205,23,6,103,205,23
10910 DATA 6,79,205,23,6,71,17,164,131,125
10920 DATA 18,19,124,18,205,23,6,119,35,11
10930 DATA 120,177,32,246,251,201,205,23,6,111
10940 DATA 205,23,6,103,205,23,6,79,205,23
10950 DATA 6,71,126,205,254,5,35,11,120,177
10960 DATA 32,246,201,0,6,10,197,205,23,6
10970 DATA 205,254,5,62,32,62,82,205,203,37
10980 DATA 193,16,239,175,201,0,6,255,197,205
10990 DATA 23,6,205,254,5,193,16,246,175,201
11000 DATA 0,6,255,197,120,205,254,5,193,16
11010 DATA 248,175,201,201,4,175,55,23,16,253
11020 DATA 47,71,33,157,131,126,160,119,211,8
11030 DATA 201,4,175,55,23,16,253,71,33,157
11040 DATA 131,126,176,119,211,8,201,229,197,6
11050 DATA 0,205,246,3,193,225,201,229,197,6
11060 DATA 0,205,7,4,193,225,201,245,38,0
11070 DATA 111,17,172,131,205,229,37,62,10,18
11080 DATA 19,62,13,18,19,175,18,33,172,131
11090 DATA 205,13,6,241,201,65,84,76,65,83
11100 DATA 32,79,83,32,86,32,50,46,48,52
11110 DATA 0,85,73,58,85,80,32,74,58,68
11120 DATA 78,32,88,58,82,85,78,32,84,89
11130 DATA 72,58,82,83,32,83,58,68,73,83
11140 DATA 80,32,67,58,67,76,83,32,76,58
11150 DATA 76,67,68,83,84,32,66,58,66,65
11160 DATA 83,73,67,0,76,67,68,32,73,78
11170 DATA 73,84,73,65,76,73,90,69,68,0
11180 DATA 82,83,50,51,50,32,73,78,73,84
11190 DATA 0,80,82,79,71,82,65,77,32,72
11200 DATA 65,76,84,69,68,0,87,65,73,84
11210 DATA 73,78,71,46,46,46,0,80,82,71
11220 DATA 32,84,82,65,78,83,70,69,82,69
11230 DATA 68,0,82,69,67,69,73,86,73,78
11240 DATA 71,46,46,46,0,80,82,71,32,69
11250 DATA 88,69,67,85,84,69,0,73,77,65
11260 DATA 71,69,32,67,79,80,89,0,83,67
11270 DATA 82,69,69,78,32,82,69,65,68,89
11280 DATA 0,85,73,58,85,80,32,74,58,68
11290 DATA 78,32,88,58,82,85,78,32,84,89
11300 DATA 72,58,82,83,32,83,58,68,73,83
11310 DATA 80,32,67,58,67,76,83,32,66,58
11320 DATA 66,65,83,73,67,10,13,0,67,76
11330 DATA 69,65,82,73,78,71,32,83,67,82
11340 DATA 69,69,78,46,10,13,0,10,13,82
11350 DATA 83,50,51,50,32,73,78,73,84,73
11360 DATA 65,76,73,90,69,68,10,13,0,10
11370 DATA 13,87,65,73,84,73,78,71,46,46
11380 DATA 46,10,13,0,0,10,13,75,69,89
11390 DATA 32,80,82,69,83,83,69,68,10,13
11400 DATA 0,0,243,229,245,197,221,229,219,24
11410 DATA 47,230,7,61,221,33,163,5,6,0
11420 DATA 79,203,33,221,9,221,110,0,221,102
11430 DATA 1,1,156,5,197,233,221,225,193,241
11440 DATA 225,251,201,191,5,179,5,188,5,188
11450 DATA 5,188,5,188,5,188,5,188,5,211
11460 DATA 64,33,171,131,62,1,119,201,211,64
11470 DATA 201,211,64,33,167,131,52,126,254,0
11480 DATA 192,35,52,126,254,0,192,35,52,126
11490 DATA 254,0,192,35,52,126,254,0,192,33
11500 DATA 0,0,34,167,131,34,169,131,201,245
11510 DATA 62,128,211,35,241,211,32,62,0,211
11520 DATA 33,62,3,211,35,62,0,211,34,62
11530 DATA 0,211,33,201,205,4,6,211,32,201
11540 DATA 245,219,37,203,111,40,250,241,201,126
11550 DATA 35,254,0,200,205,254,5,24,246,243
11560 DATA 62,1,211,36,205,53,6,175,211,36
11570 DATA 219,32,251,201,62,1,211,36,219,37
11580 DATA 203,71,40,3,243,24,236,175,201,243
11590 DATA 245,219,37,203,71,40,250,241,251,201
11600 DATA 219,37,203,71,201,245,241,201,245,229
11610 DATA 197,219,37,203,103,40,4,62,66,24
11620 DATA 26,203,87,40,4,62,80,24,18,203
11630 DATA 95,40,4,62,70,24,10,203,79,40
11640 DATA 4,62,79,24,2,62,78,33,159,131
11650 DATA 119,193,225,241,201,6,1,205,246,3
11660 DATA 201,6,1,205,7,4,201,6,2,205
11670 DATA 246,3,201,6,2,205,7,4,201,205
11680 DATA 119,6,6,30,219,24,87,203,119,40
11690 DATA 8,16,247,62,1,205,125,6,201,175
11700 DATA 201,6,50,183,219,24,87,203,119,192
11710 DATA 16,248,55,201,6,50,183,219,24,87
11720 DATA 203,119,200,16,248,55,201,205,178,6
11730 DATA 216,219,24,219,24,87,201,243,122,203
11740 DATA 127,32,45,6,8,72,205,165,6,216
11750 DATA 205,191,6,216,203,39,203,27,65,16
11760 DATA 240,205,165,6,216,205,191,6,216,205
11770 DATA 165,6,216,205,191,6,216,203,127,40
11780 DATA 16,205,165,6,216,123,251,201,33,17
11790 DATA 7,205,13,6,55,251,201,213,33,52
11800 DATA 7,205,13,6,55,209,123,251,201,69
11810 DATA 82,82,79,82,32,83,84,65,82,84
11820 DATA 32,66,73,84,46,78,79,84,46,65
11830 DATA 83,32,69,88,80,69,67,84,69,68
11840 DATA 46,10,13,0,69,82,82,79,82,32
11850 DATA 83,84,79,80,32,66,73,84,46,78
11860 DATA 79,84,46,65,83,32,69,88,80,69
11870 DATA 67,84,69,68,46,10,13,0,1,10
11880 DATA 0,11,120,177,40,15,197,205,143,6
11890 DATA 183,193,32,243,205,201,6,56,2,24
11900 DATA 2,175,251,245,205,125,6,241,201,205
11910 DATA 124,7,205,59,8,201,205,86,7,254
11920 DATA 225,204,168,7,254,240,204,236,7,254
11930 DATA 224,204,178,7,254,18,204,23,8,254
11940 DATA 89,204,23,8,254,20,204,32,8,254
11950 DATA 17,204,41,8,254,88,204,50,8,201
11960 DATA 205,86,7,254,240,200,205,86,7,201
11970 DATA 205,86,7,254,107,200,254,114,200,254
11980 DATA 116,200,254,117,200,254,112,200,254,108
11990 DATA 200,254,125,200,254,122,200,254,105,200
12000 DATA 254,113,200,254,102,200,254,90,200,254
12010 DATA 17,200,254,20,200,254,74,200,254,240
12020 DATA 194,234,7,205,86,7,175,201,205,86
12030 DATA 7,254,18,204,5,8,254,20,204,11
12040 DATA 8,254,17,204,17,8,254,89,204,5
12050 DATA 8,175,201,33,158,131,203,182,201,33
12060 DATA 158,131,203,190,201,33,158,131,203,174
12070 DATA 201,33,158,131,62,64,174,119,175,201
12080 DATA 33,158,131,62,128,174,119,175,201,33
12090 DATA 158,131,62,32,174,119,175,201,33,158
12100 DATA 131,62,16,174,119,175,201,33,158,131
12110 DATA 71,126,79,203,31,203,31,169,203,103
12120 DATA 120,33,87,8,40,3,33,1,9,6
12130 DATA 0,79,9,126,201,0,0,0,0,0
12140 DATA 0,0,0,0,0,0,0,0,0,96
12150 DATA 0,0,0,0,0,0,113,49,0,0
12160 DATA 0,122,115,97,119,50,0,0,99,120
12170 DATA 100,101,52,51,0,0,32,118,102,116
12180 DATA 114,53,0,0,110,98,104,103,109,54
12190 DATA 0,0,44,109,106,117,55,56,0,0
12200 DATA 44,107,105,111,48,57,0,0,46,47
12210 DATA 108,59,112,45,0,0,0,39,0,91
12220 DATA 61,0,0,0,0,13,93,0,92,0
12230 DATA 0,0,0,0,0,0,0,6,0,0
12240 DATA 8,0,4,9,0,0,0,1,7,10
12250 DATA 0,3,11,27,0,0,0,43,45,42
12260 DATA 57,0,0,0,0,0,0,0,0,0
12270 DATA 0,0,0,0,0,0,0,0,0,0
12280 DATA 0,0,0,0,0,0,0,0,0,0
12290 DATA 0,0,0,0,0,0,0,0,0,0
12300 DATA 0,0,0,0,0,0,0,0,0,0
12310 DATA 0,0,0,0,0,0,0,0,0,126
12320 DATA 0,0,0,0,0,0,81,33,0,0
12330 DATA 0,90,83,65,87,64,0,0,67,88
12340 DATA 68,69,36,35,0,0,32,86,70,84
12350 DATA 82,37,0,0,78,66,72,71,89,94
12360 DATA 0,0,34,77,74,85,94,42,0,0
12370 DATA 60,75,73,79,41,40,0,0,62,63
12380 DATA 76,58,80,95,0,0,0,34,0,123
12390 DATA 43,0,0,0,0,13,125,0,124,0
12400 DATA 0,0,0,0,0,0,0,6,0,0
12410 DATA 8,0,4,9,0,0,0,1,7,10
12420 DATA 0,3,11,27,0,0,0,43,45,42
12430 DATA 57,0,0,0,0,0,0,0,0,0
12440 DATA 0,0,0,0,0,0,0,0,0,0
12450 DATA 0,0,0,0,0,0,0,0,0,0
12460 DATA 0,0,0,0,0,0,0,0,0,0
12470 DATA 0,0,0,0,0,62,3,205,212,10
12480 DATA 201,33,225,131,119,35,229,175,6,3
12490 DATA 119,35,16,252,225,201,205,53,11,33
12500 DATA 225,131,6,4,126,205,4,11,35,16
12510 DATA 249,201,62,1,205,177,9,205,192,9
12520 DATA 205,203,37,205,23,11,201,62,10,205
12530 DATA 177,9,205,192,9,205,203,37,17,137
12540 DATA 131,205,23,11,254,255,40,5,205,43
12550 DATA 21,24,244,205,203,37,205,23,11,201
12560 DATA 205,13,11,175,205,4,11,201,62,11
12570 DATA 205,177,9,205,192,9,33,185,131,205
12580 DATA 0,10,205,203,37,205,23,11,201,62
12590 DATA 2,205,177,9,205,192,9,33,185,131
12600 DATA 205,0,10,205,203,37,205,23,11,50
12610 DATA 229,131,254,200,201,245,62,3,205,177
12620 DATA 9,241,119,205,192,9,205,23,11,201
12630 DATA 245,62,6,205,177,9,241,119,35,120
12640 DATA 119,35,121,119,205,192,9,205,203,37
12650 DATA 205,23,11,71,205,23,11,79,120,177
12660 DATA 40,16,197,205,23,11,18,19,11,120
12670 DATA 177,32,246,205,23,11,193,201,33,191
12680 DATA 10,205,48,23,24,243,245,62,6,205
12690 DATA 177,9,241,119,35,120,119,35,121,119
12700 DATA 205,192,9,205,203,37,205,23,11,71
12710 DATA 205,23,11,79,120,177,202,118,10,62
12720 DATA 13,197,205,43,21,193,205,23,11,197
12730 DATA 205,43,21,193,11,120,177,32,243,205
12740 DATA 23,11,201,33,191,10,205,48,23,24
12750 DATA 244,13,69,82,82,79,82,32,79,78
12760 DATA 32,82,69,84,32,66,89,84,69,83
12770 DATA 13,0,245,62,128,211,51,241,211,48
12780 DATA 62,0,211,49,62,3,211,51,62,0
12790 DATA 211,50,62,0,211,49,175,211,52,201
12800 DATA 245,219,53,203,111,40,250,241,201,245
12810 DATA 219,54,203,103,32,2,24,248,241,201
12820 DATA 205,249,10,205,240,10,211,48,201,126
12830 DATA 35,254,0,200,205,4,11,24,246,243
12840 DATA 62,2,211,52,205,64,11,175,211,52
12850 DATA 219,48,251,201,62,2,211,52,219,53
12860 DATA 203,71,40,3,243,24,236,175,201,6
12870 DATA 10,205,38,11,16,251,175,211,52,201
12880 DATA 243,245,219,53,203,71,40,250,241,251
12890 DATA 201,219,53,203,71,201,197,1,0,32
12900 DATA 219,75,203,95,32,5,11,120,177,32
12910 DATA 245,193,219,72,201,219,75,203,95,62
12920 DATA 255,200,219,72,201,62,1,211,72,62
12930 DATA 224,211,74,62,64,211,75,6,250,205
12940 DATA 184,37,6,250,205,184,37,62,6,211
12950 DATA 72,62,0,211,74,62,2,211,72,62
12960 DATA 157,211,74,62,3,211,72,62,134,211
12970 DATA 74,201,62,96,211,75,205,80,11,95
12980 DATA 254,8,40,33,254,16,40,29,254,40
12990 DATA 40,38,254,24,40,35,254,32,40,45
13000 DATA 254,48,40,41,254,56,200,254,176,200
13010 DATA 254,104,200,254,216,200,201,122,203,39
13020 DATA 230,254,211,73,62,64,211,75,24,202
13030 DATA 11,120,177,40,10,126,35,211,73,62
13040 DATA 64,211,75,24,187,62,80,211,75,120
13050 DATA 177,201,120,177,200,62,96,211,75,205
13060 DATA 80,11,30,0,254,8,40,31,40,29
13070 DATA 254,88,40,38,254,80,40,36,254,64
13080 DATA 40,37,254,72,40,56,254,56,200,254
13090 DATA 176,200,254,104,200,254,216,200,201,122
13100 DATA 203,39,246,1,211,73,62,64,211,75
13110 DATA 24,203,30,1,219,73,119,35,11,120
13120 DATA 177,40,19,123,254,1,40,14,120,129
13130 DATA 254,1,62,64,40,2,62,192,211,75
13140 DATA 24,173,62,80,211,75,120,177,201,83
13150 DATA 117,110,100,97,121,0,77,111,110,100
13160 DATA 97,121,0,84,117,101,115,100,97,121
13170 DATA 0,87,101,100,110,101,115,100,97,121
13180 DATA 0,84,104,117,114,115,100,97,121,0
13190 DATA 70,114,105,100,97,121,0,83,97,116
13200 DATA 117,114,100,97,121,0,77,12,84,12
13210 DATA 91,12,99,12,109,12,118,12,125,12
13220 DATA 69,82,82,79,82,32,79,78,32,82
13230 DATA 69,67,69,73,86,73,78,71,10,13
13240 DATA 0,69,82,82,79,82,32,79,78,32
13250 DATA 83,69,78,68,73,78,71,10,13,0
13260 DATA 123,197,205,43,4,193,121,205,43,4
13270 DATA 33,169,12,205,13,6,201,121,205,43
13280 DATA 4,33,148,12,205,13,6,55,201,33
13290 DATA 137,131,175,119,22,104,1,1,0,205
13300 DATA 156,11,194,188,12,33,137,131,22,104
13310 DATA 1,7,0,205,236,11,194,205,12,175
13320 DATA 201,17,137,131,175,18,19,62,10,205
13330 DATA 255,37,125,18,19,62,34,205,255,37
13340 DATA 125,18,19,62,18,205,255,37,125,18
13350 DATA 19,62,5,18,19,62,18,205,255,37
13360 DATA 125,18,19,62,2,205,255,37,125,18
13370 DATA 19,62,21,205,255,37,125,18,19,175
13380 DATA 18,33,137,131,22,104,1,9,0,205
13390 DATA 156,11,194,188,12,1,255,255,205,124
13400 DATA 38,1,255,255,205,124,38,201,33,137
13410 DATA 131,229,62,7,119,35,122,119,225,22
13420 DATA 104,1,2,0,205,156,11,194,188,12
13430 DATA 201,0,0,22,0,15,48,2,203,226
13440 DATA 15,48,2,203,234,15,48,2,203,242
13450 DATA 15,48,2,203,250,123,15,48,2,203
13460 DATA 194,203,210,122,205,146,13,203,146,122
13470 DATA 205,146,13,201,213,229,33,137,131,119
13480 DATA 22,39,1,1,0,205,156,11,225,209
13490 DATA 201,87,123,15,56,7,15,48,4,30
13500 DATA 0,24,14,122,203,63,203,63,203,63
13510 DATA 203,63,213,205,105,13,209,122,230,15
13520 DATA 205,105,13,201,30,0,195,163,13,30
13530 DATA 1,195,163,13,62,3,30,2,205,163
13540 DATA 13,1,0,48,205,124,38,62,3,30
13550 DATA 2,205,163,13,1,0,48,205,124,38
13560 DATA 62,3,30,2,205,163,13,1,0,48
13570 DATA 205,124,38,62,2,30,2,205,163,13
13580 DATA 1,0,48,205,124,38,62,40,205,196
13590 DATA 13,62,4,50,104,13,205,43,14,205
13600 DATA 70,14,62,2,50,103,13,246,4,205
13610 DATA 196,13,201,58,104,13,203,167,50,104
13620 DATA 13,246,8,205,196,13,201,58,104,13
13630 DATA 246,4,50,104,13,246,8,205,196,13
13640 DATA 201,1,208,7,197,205,184,37,193,13
13650 DATA 226,60,14,201,62,1,205,196,13,205
13660 DATA 57,14,201,126,254,0,200,205,201,13
13670 DATA 35,24,246,205,201,13,201,62,2,205
13680 DATA 196,13,205,57,14,201,0,64,20,84
13690 DATA 6,0,75,33,102,14,9,126,130,246
13700 DATA 128,205,196,13,201,58,104,13,203,151
13710 DATA 50,104,13,246,8,205,196,13,201,58
13720 DATA 104,13,246,2,50,104,13,246,8,205
13730 DATA 196,13,201,58,104,13,203,143,50,104
13740 DATA 13,246,8,205,196,13,201,58,104,13
13750 DATA 246,1,50,104,13,246,8,205,196,13
13760 DATA 201,62,24,205,196,13,201,62,28,205
13770 DATA 196,13,201,62,16,205,196,13,201,62
13780 DATA 20,205,196,13,201,123,211,17,219,17
13790 DATA 201,122,211,17,201,122,211,16,201,175
13800 DATA 211,16,205,207,14,62,1,211,16,201
13810 DATA 22,226,205,211,14,22,35,205,207,14
13820 DATA 22,2,205,207,14,22,84,205,207,14
13830 DATA 22,224,205,211,14,22,1,205,207,14
13840 DATA 6,10,205,184,37,22,224,205,211,14
13850 DATA 22,3,205,207,14,6,10,205,184,37
13860 DATA 22,1,205,211,14,6,20,205,184,37
13870 DATA 22,230,205,211,14,22,3,205,207,14
13880 DATA 22,51,205,207,14,22,51,205,207,14
13890 DATA 22,176,205,211,14,22,32,205,207,14
13900 DATA 22,0,205,207,14,22,3,205,207,14
13910 DATA 22,31,205,207,14,22,1,205,207,14
13920 DATA 22,223,205,207,14,22,0,205,207,14
13930 DATA 22,180,205,211,14,22,4,205,207,14
13940 DATA 22,31,205,207,14,22,0,205,207,14
13950 DATA 22,210,205,207,14,22,0,205,207,14
13960 DATA 22,0,205,207,14,22,0,205,207,14
13970 DATA 22,0,205,207,14,22,182,205,211,14
13980 DATA 22,2,205,207,14,22,12,205,207,14
13990 DATA 22,0,205,207,14,22,34,205,207,14
14000 DATA 22,0,205,207,14,22,0,205,207,14
14010 DATA 22,0,205,207,14,22,184,205,211,14
14020 DATA 22,15,205,207,14,22,1,205,207,14
14030 DATA 22,186,205,211,14,22,1,205,207,14
14040 DATA 22,54,205,211,14,22,8,205,207,14
14050 DATA 22,240,205,211,14,22,6,205,207,14
14060 DATA 6,5,205,184,37,22,188,205,211,14
14070 DATA 22,64,205,207,14,22,128,205,207,14
14080 DATA 22,64,205,207,14,22,1,205,207,14
14090 DATA 6,5,205,184,37,22,53,205,211,14
14100 DATA 22,0,205,207,14,22,41,205,211,14
14110 DATA 22,190,205,211,14,22,6,205,207,14
14120 DATA 22,240,205,207,14,22,1,205,207,14
14130 DATA 22,240,205,207,14,22,0,205,207,14
14140 DATA 22,0,205,207,14,22,208,205,211,14
14150 DATA 22,13,205,207,14,33,0,0,229,229
14160 DATA 33,31,3,229,33,223,1,229,205,76
14170 DATA 16,201,221,33,2,0,221,57,22,42
14180 DATA 205,211,14,221,86,7,205,207,14,221
14190 DATA 86,6,205,207,14,221,86,3,205,207
14200 DATA 14,221,86,2,205,207,14,22,43,205
14210 DATA 211,14,221,86,5,205,207,14,221,86
14220 DATA 4,205,207,14,221,86,1,205,207,14
14230 DATA 221,86,0,205,207,14,22,44,205,211
14240 DATA 14,209,33,8,0,57,249,235,233,84
14250 DATA 205,207,14,85,205,207,14,201,22,46
14260 DATA 205,211,14,205,204,14,103,205,204,14
14270 DATA 111,201,221,229,221,33,4,0,221,57
14280 DATA 221,102,3,221,110,2,221,86,1,221
14290 DATA 94,0,229,213,229,213,205,76,16,205
14300 DATA 162,16,229,205,1,17,209,221,225,193
14310 DATA 33,4,0,57,249,235,197,201,221,33
14320 DATA 2,0,221,57,221,102,3,221,110,2
14330 DATA 221,86,1,221,94,0,229,213,229,213
14340 DATA 205,76,16,42,1,131,205,153,16,205
14350 DATA 1,17,201,33,0,0,229,229,33,31
14360 DATA 3,229,33,223,1,229,205,76,16,201
14370 DATA 221,33,2,0,221,57,221,102,5,221
14380 DATA 110,4,221,86,3,221,94,2,221,70
14390 DATA 1,221,78,0,229,33,0,0,183,237
14400 DATA 66,56,10,175,145,79,159,144,71,225
14410 DATA 237,66,229,225,229,213,9,229,213,205
14420 DATA 76,16,42,1,131,205,153,16,11,121
14430 DATA 176,32,248,205,1,17,209,33,6,0
14440 DATA 57,249,235,233,221,33,2,0,221,57
14450 DATA 221,86,5,221,94,4,221,102,3,221
14460 DATA 110,2,221,70,1,221,78,0,229,33
14470 DATA 0,0,183,237,66,56,10,175,145,79
14480 DATA 159,144,71,225,237,66,229,225,213,229
14490 DATA 213,9,229,205,76,16,42,1,131,205
14500 DATA 153,16,11,121,176,32,248,205,1,17
14510 DATA 209,33,6,0,57,249,235,233,221,33
14520 DATA 2,0,221,57,221,102,5,221,110,4
14530 DATA 221,86,1,221,94,0,183,237,82,32
14540 DATA 23,221,70,7,221,78,6,197,213,221
14550 DATA 102,3,221,110,2,237,66,229,205,18
14560 DATA 17,195,129,19,221,102,7,221,110,6
14570 DATA 221,86,3,221,94,2,183,237,82,32
14580 DATA 23,213,221,70,5,221,78,4,197,221
14590 DATA 102,1,221,110,0,237,66,229,205,92
14600 DATA 17,195,129,19,56,4,175,61,24,13
14610 DATA 213,225,221,86,7,221,94,6,183,237
14620 DATA 82,62,1,6,0,14,0,197,229,254
14630 DATA 1,40,2,6,255,79,197,221,102,5
14640 DATA 221,110,4,221,86,1,221,94,0,183
14650 DATA 237,82,56,4,175,61,24,15,213,225
14660 DATA 221,86,5,221,94,4,183,237,82,6
14670 DATA 0,62,1,254,1,40,2,6,255,79
14680 DATA 229,197,253,33,0,0,253,57,253,86
14690 DATA 7,253,94,6,183,237,82,218,238,18
14700 DATA 202,238,18,25,68,77,203,56,203,25
14710 DATA 33,0,0,237,66,253,116,9,253,117
14720 DATA 8,221,86,5,221,94,4,221,102,7
14730 DATA 221,110,6,213,221,229,229,213,229,213
14740 DATA 205,76,16,42,1,131,205,153,16,221
14750 DATA 225,209,221,102,1,221,110,0,237,82
14760 DATA 202,124,19,253,70,1,253,78,0,235
14770 DATA 9,221,116,5,221,117,4,253,86,9
14780 DATA 253,94,8,253,102,7,253,110,6,25
14790 DATA 253,116,9,253,117,8,235,33,0,128
14800 DATA 237,82,56,173,253,70,5,253,78,4
14810 DATA 221,102,7,221,110,6,9,221,116,7
14820 DATA 221,117,6,253,102,9,253,110,8,253
14830 DATA 70,3,253,78,2,237,66,253,116,9
14840 DATA 253,117,8,195,113,18,25,66,75,203
14850 DATA 56,203,25,33,0,0,237,66,253,116
14860 DATA 9,253,117,8,221,86,5,221,94,4
14870 DATA 221,102,7,221,110,6,229,221,229,229
14880 DATA 213,229,213,205,76,16,42,1,131,205
14890 DATA 153,16,221,225,209,221,102,3,221,110
14900 DATA 2,237,82,40,83,235,253,70,5,253
14910 DATA 78,4,9,221,116,7,221,117,6,253
14920 DATA 86,9,253,94,8,253,102,3,253,110
14930 DATA 2,25,253,116,9,253,117,8,235,33
14940 DATA 0,128,237,82,56,174,253,70,1,253
14950 DATA 78,0,221,102,5,221,110,4,9,221
14960 DATA 116,5,221,117,4,253,102,9,253,110
14970 DATA 8,253,70,7,253,78,6,237,66,253
14980 DATA 116,9,253,117,8,195,0,19,33,10
14990 DATA 0,57,249,209,33,8,0,57,249,235
15000 DATA 233,197,221,229,213,229,213,229,205,76
15010 DATA 16,42,1,131,205,153,16,221,225,193
15020 DATA 201,225,213,213,213,213,213,229,221,33
15030 DATA 2,0,221,57,175,221,86,11,221,94
15040 DATA 10,221,114,1,221,115,0,33,1,0
15050 DATA 221,116,7,221,117,6,221,116,3,221
15060 DATA 116,2,237,82,221,116,9,221,117,8
15070 DATA 235,41,235,33,0,0,237,82,221,116
15080 DATA 5,221,117,4,221,102,13,221,110,12
15090 DATA 229,221,86,11,221,94,10,213,25,221
15100 DATA 86,15,221,94,14,213,205,137,19,209
15110 DATA 193,225,229,197,213,175,237,66,205,137
15120 DATA 19,225,193,209,213,197,229,175,237,74
15130 DATA 235,205,137,19,225,193,209,175,237,66
15140 DATA 235,205,137,19,221,102,3,221,110,2
15150 DATA 221,86,1,221,94,0,175,237,82,210
15160 DATA 22,21,25,229,213,33,0,0,175,221
15170 DATA 126,9,254,80,48,38,40,36,209,27
15180 DATA 221,114,1,221,115,0,213,221,102,5
15190 DATA 221,110,4,35,35,221,116,5,221,117
15200 DATA 4,221,86,9,221,94,8,25,221,116
15210 DATA 9,221,117,8,193,225,35,221,116,3
15220 DATA 221,117,2,229,221,102,7,221,110,6
15230 DATA 35,35,221,116,7,221,117,6,221,86
15240 DATA 9,221,94,8,25,221,116,9,221,117
15250 DATA 8,225,229,221,86,15,221,94,14,213
15260 DATA 25,235,221,102,13,221,110,12,9,205
15270 DATA 137,19,225,209,213,229,175,237,82,235
15280 DATA 221,102,13,221,110,12,9,205,137,19
15290 DATA 225,209,213,229,25,235,221,102,13,221
15300 DATA 110,12,175,237,66,205,137,19,225,209
15310 DATA 213,229,175,237,82,235,221,102,13,221
15320 DATA 110,12,175,237,66,205,137,19,225,209
15330 DATA 197,229,213,9,193,235,221,102,13,221
15340 DATA 110,12,9,205,137,19,225,209,213,229
15350 DATA 175,237,82,235,221,102,13,221,110,12
15360 DATA 9,205,137,19,225,209,213,229,25,235
15370 DATA 221,102,13,221,110,12,175,237,66,229
15380 DATA 205,137,19,193,225,209,175,237,82,235
15390 DATA 197,225,205,137,19,195,24,20,205,1
15400 DATA 17,209,33,16,0,57,249,235,233,217
15410 DATA 209,217,205,194,23,217,213,217,201,254
15420 DATA 8,202,61,21,254,10,200,254,13,32
15430 DATA 58,33,13,131,195,138,22,33,13,131
15440 DATA 126,56,5,254,1,200,53,201,254,1
15450 DATA 40,10,53,229,62,32,205,113,21,225
15460 DATA 53,183,221,33,2,0,221,57,221,102
15470 DATA 1,221,110,0,62,0,40,2,43,119
15480 DATA 43,119,221,116,1,221,117,0,201,245
15490 DATA 50,16,131,58,22,131,254,5,32,25
15500 DATA 42,95,131,229,237,91,97,131,213,1
15510 DATA 7,0,9,229,1,9,0,235,9,229
15520 DATA 205,76,16,24,52,58,13,131,6,8
15530 DATA 22,0,95,33,0,0,183,237,90,16
15540 DATA 252,229,17,8,0,237,90,43,229,205
15550 DATA 255,21,6,10,22,0,95,33,0,0
15560 DATA 237,90,16,252,209,229,213,17,10,0
15570 DATA 237,90,43,229,205,76,16,241,183,33
15580 DATA 0,117,22,0,95,237,90,229,209,14
15590 DATA 10,26,6,8,203,39,56,5,42,3
15600 DATA 131,24,3,42,1,131,245,213,205,153
15610 DATA 16,209,241,16,235,20,13,32,228,33
15620 DATA 13,131,126,60,254,80,202,138,22,119
15630 DATA 201,58,15,131,87,58,14,131,130,254
15640 DATA 48,216,214,48,201,22,51,205,211,14
15650 DATA 22,0,205,207,14,22,0,205,207,14
15660 DATA 22,1,205,207,14,22,224,205,207,14
15670 DATA 22,0,205,207,14,22,0,205,207,14
15680 DATA 175,50,15,131,201,58,15,131,60,254
15690 DATA 48,56,2,214,48,50,15,131,111,38
15700 DATA 0,41,41,41,95,22,0,25,25,22
15710 DATA 55,205,211,14,84,205,207,14,85,205
15720 DATA 207,14,201,17,0,0,213,111,38,0
15730 DATA 41,41,41,95,22,0,25,25,229,17
15740 DATA 10,0,25,235,33,31,3,229,213,205
15750 DATA 76,16,1,64,31,42,3,131,205,153
15760 DATA 16,11,120,177,32,248,205,1,17,201
15770 DATA 175,119,35,126,60,254,48,40,2,119
15780 DATA 201,245,229,58,15,131,205,91,22,205
15790 DATA 53,22,225,241,61,119,175,50,13,131
15800 DATA 201,42,3,131,24,3,42,1,131,229
15810 DATA 58,13,131,6,8,22,0,95,33,0
15820 DATA 0,183,237,90,16,252,229,1,8,0
15830 DATA 237,74,43,229,205,255,21,6,10,22
15840 DATA 0,95,33,0,0,237,90,16,252,14
15850 DATA 8,6,0,237,74,209,229,213,35,229
15860 DATA 205,76,16,225,6,16,205,153,16,16
15870 DATA 251,201,205,1,17,42,3,131,1,224
15880 DATA 1,197,1,32,3,205,153,16,11,120
15890 DATA 177,32,248,193,11,120,177,32,238,33
15900 DATA 0,0,34,13,131,201,6,223,14,2
15910 DATA 197,6,31,14,4,205,153,16,16,251
15920 DATA 13,32,248,193,16,240,13,32,237,33
15930 DATA 0,0,34,13,131,201,126,254,0,200
15940 DATA 229,205,43,21,225,35,24,244,175,149
15950 DATA 111,159,148,103,201,42,121,131,1,88
15960 DATA 2,167,237,66,208,42,123,131,237,91
15970 DATA 129,131,25,124,254,128,208,17,31,3
15980 DATA 237,82,208,42,119,131,237,75,121,131
15990 DATA 120,177,40,8,235,197,225,41,41,41
16000 DATA 235,25,17,123,131,235,1,8,0,237
16010 DATA 176,42,121,131,35,34,121,131,201,42
16020 DATA 119,131,237,75,121,131,11,197,120,177
16030 DATA 40,8,235,197,225,41,41,41,235,25
16040 DATA 193,237,67,121,131,17,123,131,1,8
16050 DATA 0,237,176,42,125,131,34,113,131,42
16060 DATA 127,131,34,115,131,237,91,129,131,237
16070 DATA 83,117,131,42,123,131,167,25,34,109
16080 DATA 131,201,225,209,193,229,237,67,107,131
16090 DATA 237,83,109,131,237,115,133,131,33,62
16100 DATA 237,57,249,34,119,131,33,0,0,34
16110 DATA 121,131,42,107,131,229,42,109,131,229
16120 DATA 205,176,16,34,131,131,237,91,1,131
16130 DATA 167,237,82,202,122,25,42,107,131,124
16140 DATA 254,128,210,122,25,17,31,3,167,237
16150 DATA 82,210,122,25,42,109,131,124,254,128
16160 DATA 210,122,25,17,223,1,167,237,82,210
16170 DATA 122,25,42,109,131,34,123,131,42,107
16180 DATA 131,34,125,131,34,127,131,33,1,0
16190 DATA 34,129,131,205,67,23,42,109,131,35
16200 DATA 34,123,131,33,255,255,34,129,131,205
16210 DATA 67,23,237,91,121,131,122,179,202,122
16220 DATA 25,205,131,23,42,113,131,34,107,131
16230 DATA 124,254,128,210,129,24,237,91,109,131
16240 DATA 229,213,205,176,16,237,91,131,131,167
16250 DATA 237,82,194,129,24,237,91,107,131,42
16260 DATA 109,131,213,205,137,19,225,43,34,107
16270 DATA 131,24,213,42,107,131,237,91,113,131
16280 DATA 124,254,128,48,8,167,237,82,210,56
16290 DATA 25,237,90,35,34,111,131,167,237,82
16300 DATA 48,30,40,28,237,90,34,125,131,42
16310 DATA 109,131,34,123,131,27,237,83,127,131
16320 DATA 42,117,131,205,60,23,34,129,131,205
16330 DATA 67,23,42,113,131,35,34,107,131,17
16340 DATA 31,3,167,235,237,82,56,36,235,229
16350 DATA 42,109,131,229,205,176,16,237,91,131
16360 DATA 131,167,237,82,32,18,237,91,107,131
16370 DATA 42,109,131,213,205,137,19,225,35,34
16380 DATA 107,131,24,211,42,109,131,34,123,131
16390 DATA 42,111,131,34,125,131,42,107,131,43
16400 DATA 34,127,131,42,117,131,34,129,131,205
16410 DATA 67,23,42,107,131,237,91,115,131,19
16420 DATA 167,237,82,56,31,40,29,42,109,131
16430 DATA 34,123,131,237,83,125,131,42,107,131
16440 DATA 43,34,127,131,42,117,131,205,60,23
16450 DATA 34,129,131,205,67,23,42,107,131,35
16460 DATA 34,107,131,237,91,115,131,167,235,237
16470 DATA 82,56,28,25,235,229,42,109,131,229
16480 DATA 205,176,16,237,91,131,131,167,237,82
16490 DATA 40,9,42,107,131,35,34,107,131,24
16500 DATA 218,42,107,131,34,111,131,237,91,115
16510 DATA 131,167,235,237,82,235,218,68,24,195
16520 DATA 195,24,33,194,18,57,249,201,254,1
16530 DATA 40,14,33,3,131,34,105,131,33,1
16540 DATA 131,34,103,131,24,12,33,7,131,34
16550 DATA 105,131,33,5,131,34,103,131,205,148
16560 DATA 94,217,253,126,0,254,13,40,50,254
16570 DATA 58,40,46,254,44,194,78,29,229,253
16580 DATA 35,205,148,94,217,209,123,214,128,56
16590 DATA 7,95,221,33,55,131,24,4,221,33
16600 DATA 23,131,123,254,15,210,78,29,221,25
16610 DATA 221,25,221,117,0,221,116,1,201,229
16620 DATA 209,123,214,128,56,17,95,221,33,105
16630 DATA 131,221,110,0,221,102,1,221,33,55
16640 DATA 131,24,14,221,33,103,131,221,110,0
16650 DATA 221,102,1,221,33,23,131,123,254,16
16660 DATA 210,78,29,221,25,221,25,221,86,0
16670 DATA 221,94,1,114,35,115,201,175,33,99
16680 DATA 131,245,229,205,148,94,217,209,235,115
16690 DATA 35,114,35,241,60,254,4,200,245,253
16700 DATA 126,0,254,13,40,13,254,58,40,9
16710 DATA 254,44,32,5,253,35,241,24,218,241
16720 DATA 201,1,8,0,17,87,131,33,91,131
16730 DATA 237,176,42,99,131,34,95,131,42,101
16740 DATA 131,34,97,131,201,205,21,26,254,2
16750 DATA 194,78,29,205,123,27,253,229,42,95
16760 DATA 131,229,42,97,131,229,205,65,26,42
16770 DATA 99,131,229,42,101,131,229,205,166,17
16780 DATA 253,225,205,146,27,201,205,21,26,254
16790 DATA 2,194,78,29,205,65,26,201,205,21
16800 DATA 26,254,2,194,78,29,42,99,131,229
16810 DATA 42,101,131,229,205,176,16,253,126,0
16820 DATA 254,41,194,78,29,253,35,1,0,0
16830 DATA 243,229,217,225,217,33,0,0,251,201
16840 DATA 254,0,33,190,28,200,254,10,33,206
16850 DATA 28,200,254,12,33,222,28,200,254,16
16860 DATA 33,238,28,200,254,18,33,254,28,200
16870 DATA 254,19,33,14,29,200,254,20,33,30
16880 DATA 29,200,254,24,33,46,29,200,254,25
16890 DATA 33,62,29,200,33,0,0,201,205,21
16900 DATA 26,254,3,194,78,29,58,99,131,1
16910 DATA 4,0,33,101,131,17,99,131,237,176
16920 DATA 71,203,56,203,56,203,56,230,7,79
16930 DATA 120,205,184,26,124,254,0,200,6,0
16940 DATA 203,33,9,94,35,86,235,233,175,205
16950 DATA 240,70,78,79,84,32,73,77,80,76
16960 DATA 69,77,69,78,84,69,68,0,42,99
16970 DATA 131,237,91,95,131,25,34,99,131,42
16980 DATA 101,131,237,91,97,131,25,34,101,131
16990 DATA 201,205,56,27,205,65,26,201,205,56
17000 DATA 27,205,97,26,201,42,1,131,229,42
17010 DATA 3,131,34,1,131,225,34,3,131,201
17020 DATA 42,5,131,229,42,7,131,34,5,131
17030 DATA 225,34,7,131,201,1,4,0,33,1
17040 DATA 131,17,9,131,237,176,1,4,0,33
17050 DATA 5,131,17,1,131,237,176,201,1,4
17060 DATA 0,33,9,131,17,1,131,237,176,201
17070 DATA 205,108,27,205,56,27,205,97,26,205
17080 DATA 108,27,201,205,108,27,205,97,26,205
17090 DATA 108,27,201,205,97,26,42,87,131,34
17100 DATA 99,131,42,89,131,34,101,131,205,97
17110 DATA 26,42,87,131,34,99,131,42,89,131
17120 DATA 34,101,131,205,97,26,1,4,0,33
17130 DATA 87,131,17,95,131,237,176,201,205,108
17140 DATA 27,205,181,27,205,108,27,201,33,99
17150 DATA 131,17,103,131,1,4,0,237,176,42
17160 DATA 97,131,229,42,95,131,229,42,97,131
17170 DATA 34,101,131,205,97,26,42,105,131,34
17180 DATA 101,131,205,97,26,225,34,99,131,205
17190 DATA 97,26,225,34,101,131,205,97,26,1
17200 DATA 4,0,33,103,131,17,95,131,237,176
17210 DATA 201,205,108,27,205,236,27,205,108,27
17220 DATA 201,205,123,27,42,99,131,124,181,32
17230 DATA 6,42,101,131,124,181,200,237,91,95
17240 DATA 131,213,237,91,97,131,213,229,205,157
17250 DATA 19,205,146,27,201,205,108,27,205,53
17260 DATA 28,205,108,27,201,201,42,95,131,237
17270 DATA 91,99,131,175,237,66,34,103,131,42
17280 DATA 97,131,237,91,101,131,175,237,66,34
17290 DATA 105,131,237,75,103,131,197,209,205,157
17300 DATA 38,217,197,209,217,229,237,75,105,131
17310 DATA 197,209,205,157,38,217,197,225,217,209
17320 DATA 205,184,38,201,205,108,27,205,97,28
17330 DATA 205,108,27,201,205,108,27,205,123,27
17340 DATA 42,99,131,229,42,101,131,229,205,33
17350 DATA 21,205,146,27,205,108,27,201,79,27
17360 DATA 86,27,36,27,158,27,65,26,97,26
17370 DATA 36,27,171,27,36,27,181,27,36,27
17380 DATA 226,27,36,27,181,27,36,27,226,27
17390 DATA 36,27,236,27,36,27,43,28,36,27
17400 DATA 236,27,36,27,43,28,36,27,166,28
17410 DATA 36,27,36,27,36,27,36,27,36,27
17420 DATA 36,27,53,28,53,28,36,27,87,28
17430 DATA 97,28,97,28,36,27,156,28,36,27
17440 DATA 36,27,36,27,36,27,36,27,36,27
17450 DATA 36,27,36,27,36,27,36,27,36,27
17460 DATA 36,27,36,27,36,27,36,27,36,27
17470 DATA 36,27,36,27,36,27,36,27,36,27
17480 DATA 36,27,36,27,36,27,36,27,36,27
17490 DATA 36,27,36,27,36,27,36,27,36,27
17500 DATA 36,27,175,205,240,70,112,97,114,97
17510 DATA 109,32,101,114,114,111,114,0,62,221
17520 DATA 205,254,5,62,10,205,254,5,126,205
17530 DATA 254,5,35,254,13,32,247,121,205,254
17540 DATA 5,120,205,254,5,42,220,130,126,205
17550 DATA 254,5,35,11,120,177,32,246,201,17
17560 DATA 185,131,126,254,13,32,1,175,18,35
17570 DATA 19,254,0,32,243,205,29,10,42,220
17580 DATA 130,235,1,0,0,205,70,10,254,200
17590 DATA 32,14,58,229,131,205,55,10,33,222
17600 DATA 130,115,35,114,55,201,254,202,40,17
17610 DATA 205,240,70,69,114,114,111,114,32,76
17620 DATA 111,97,100,105,110,103,0,205,240,70
17630 DATA 87,114,111,110,103,32,70,105,108,101
17640 DATA 110,97,109,101,0,195,240,22,125,50
17650 DATA 167,131,124,50,168,131,123,50,169,131
17660 DATA 122,50,170,131,201,58,167,131,111,58
17670 DATA 168,131,103,58,169,131,95,58,170,131
17680 DATA 87,201,99,229,205,169,22,225,124,50
17690 DATA 13,131,125,50,14,131,205,174,22,201
17700 DATA 22,0,58,13,131,95,38,0,205,255
17710 DATA 21,111,201,6,80,229,237,98,205,14
17720 DATA 32,225,216,24,246,201,245,213,229,221
17730 DATA 229,95,205,45,32,123,254,32,56,13
17740 DATA 254,127,194,194,31,62,8,205,43,21
17750 DATA 195,197,31,254,4,32,6,50,22,131
17760 DATA 195,197,31,254,5,32,6,50,22,131
17770 DATA 195,197,31,254,6,32,3,195,197,31
17780 DATA 254,7,32,3,195,197,31,254,8,32
17790 DATA 3,195,194,31,254,9,32,15,58,13
17800 DATA 131,60,254,80,210,197,31,50,13,131
17810 DATA 195,197,31,254,10,202,194,31,254,11
17820 DATA 32,15,58,14,131,61,254,255,202,197
17830 DATA 31,50,14,131,195,197,31,254,12,32
17840 DATA 6,205,240,22,195,197,31,254,13,202
17850 DATA 194,31,254,14,32,3,195,197,31,254
17860 DATA 15,32,3,195,197,31,254,16,32,6
17870 DATA 205,237,35,195,197,31,254,17,32,9
17880 DATA 253,35,205,148,94,217,195,197,31,254
17890 DATA 18,32,15,253,35,205,148,94,217,253
17900 DATA 35,205,148,94,217,195,197,31,254,19
17910 DATA 32,15,6,5,197,253,35,205,148,94
17920 DATA 217,193,16,246,195,197,31,254,20,32
17930 DATA 3,195,197,31,254,21,32,3,195,197
17940 DATA 31,254,22,32,9,253,35,205,148,94
17950 DATA 217,195,197,31,254,23,32,39,6,9
17960 DATA 253,126,0,253,35,254,59,32,1,5
17970 DATA 197,205,148,94,217,253,126,0,254,44
17980 DATA 40,7,254,59,32,5,193,5,197,253
17990 DATA 35,193,16,232,195,197,31,254,24,32
18000 DATA 17,253,35,6,4,197,205,148,94,217
18010 DATA 253,35,193,16,246,195,197,31,254,25
18020 DATA 32,23,253,35,205,148,94,217,253,35
18030 DATA 205,148,94,217,253,35,205,148,94,217
18040 DATA 253,35,195,197,31,254,26,32,2,24
18050 DATA 82,254,27,32,7,205,148,94,217,125
18060 DATA 24,68,254,28,32,14,6,4,197,253
18070 DATA 35,205,148,94,217,193,16,246,24,53
18080 DATA 254,29,32,16,253,35,205,148,94,217
18090 DATA 253,35,205,148,94,217,253,35,24,33
18100 DATA 254,30,32,8,33,0,0,34,13,131
18110 DATA 24,21,254,31,32,17,253,35,205,148
18120 DATA 94,217,253,35,205,148,94,217,24,3
18130 DATA 205,203,31,221,225,225,209,241,201,58
18140 DATA 0,131,203,95,40,16,123,254,32,216
18150 DATA 42,18,131,115,44,200,34,18,131,201
18160 DATA 30,62,123,245,197,213,229,221,229,253
18170 DATA 229,245,197,213,229,205,169,22,225,209
18180 DATA 193,241,205,43,21,205,174,22,253,225
18190 DATA 221,225,225,209,193,241,201,58,0,131
18200 DATA 238,4,50,0,131,201,229,33,21,131
18210 DATA 126,54,0,225,183,55,192,205,84,36
18220 DATA 208,254,27,55,192,229,33,0,131,203
18230 DATA 118,32,2,203,254,225,201,205,38,6
18240 DATA 183,200,254,27,40,235,50,21,131,201
18250 DATA 205,45,32,58,0,131,183,240,33,0
18260 DATA 131,203,190,195,194,77,243,33,246,130
18270 DATA 62,6,119,62,187,119,33,0,0,34
18280 DATA 13,131,17,255,255,33,1,131,115,35
18290 DATA 114,35,17,0,0,115,35,114,1,4
18300 DATA 0,17,5,131,33,1,131,237,176,17
18310 DATA 23,131,205,131,32,17,55,131,205,131
18320 DATA 32,24,22,33,244,32,1,32,0,237
18330 DATA 176,175,50,15,131,33,0,0,34,167
18340 DATA 131,34,169,131,201,205,240,22,205,43
18350 DATA 76,67,68,101,115,112,32,77,111,100
18360 DATA 117,108,97,114,32,90,56,48,32,67
18370 DATA 111,109,112,117,116,101,114,32,50,48
18380 DATA 50,48,45,50,49,10,13,65,84,76
18390 DATA 65,83,32,79,112,101,114,97,116,105
18400 DATA 110,103,32,83,121,115,116,101,109,32
18410 DATA 86,101,114,115,105,111,110,32,50,46
18420 DATA 53,10,13,10,13,0,175,17,255,255
18430 DATA 95,33,231,131,251,201,0,0,0,248
18440 DATA 192,7,192,255,63,0,63,248,255,7
18450 DATA 255,255,0,0,0,248,192,7,192,255
18460 DATA 63,0,63,248,255,7,255,255,205,113
18470 DATA 33,254,13,200,254,124,200,254,46,202
18480 DATA 100,34,235,33,128,33,26,205,120,33
18490 DATA 190,40,11,56,49,203,126,35,40,251
18500 DATA 35,35,24,238,213,19,35,26,205,120
18510 DATA 33,254,46,40,10,174,40,243,254,128
18520 DATA 40,3,209,24,226,241,19,203,126,35
18530 DATA 40,251,126,35,102,111,229,235,229,253
18540 DATA 225,195,113,33,62,254,205,240,70,66
18550 DATA 97,100,32,99,111,109,109,97,110,100
18560 DATA 0,126,254,32,192,35,24,249,230,127
18570 DATA 254,96,216,230,95,201,66,89,197,103
18580 DATA 34,67,196,136,34,68,73,210,112,34
18590 DATA 70,216,106,34,76,67,68,95,66,76
18600 DATA 73,78,75,79,70,198,8,35,76,67
18610 DATA 68,95,66,76,73,78,75,79,206,14
18620 DATA 35,76,67,68,95,67,76,69,65,210
18630 DATA 20,35,76,67,68,95,67,85,82,83
18640 DATA 79,82,65,212,26,35,76,67,68,95
18650 DATA 67,85,82,83,79,70,198,57,35,76
18660 DATA 67,68,95,67,85,82,83,79,206,63
18670 DATA 35,76,67,68,95,68,73,83,80,79
18680 DATA 70,198,69,35,76,67,68,95,68,73
18690 DATA 83,80,79,206,75,35,76,67,68,95
18700 DATA 72,79,77,197,93,14,76,67,68,95
18710 DATA 77,79,86,76,69,70,212,87,35,76
18720 DATA 67,68,95,77,79,86,82,73,71,72
18730 DATA 212,93,35,76,67,68,95,80,82,73
18740 DATA 78,212,99,35,76,67,68,95,83,67
18750 DATA 82,76,69,70,212,212,35,76,67,68
18760 DATA 95,83,67,82,82,73,71,72,212,218
18770 DATA 35,80,87,196,109,34,82,84,67,95
18780 DATA 65,68,74,85,83,212,180,34,82,84
18790 DATA 67,95,71,69,212,226,34,84,89,80
18800 DATA 197,145,34,255,195,224,35,195,0,0
18810 DATA 195,224,35,195,224,35,205,223,9,195
18820 DATA 224,35,205,132,93,8,33,0,128,6
18830 DATA 0,75,17,185,131,237,176,175,18,201
18840 DATA 205,118,34,205,8,10,195,224,35,205
18850 DATA 118,34,205,29,10,205,126,10,58,229
18860 DATA 131,205,55,10,195,224,35,205,148,94
18870 DATA 217,125,205,255,37,253,126,0,254,44
18880 DATA 253,35,125,201,14,0,17,137,131,175
18890 DATA 50,137,131,19,197,213,205,163,34,209
18900 DATA 193,40,11,253,43,71,121,254,6,40
18910 DATA 8,195,63,36,12,18,19,24,231,120
18920 DATA 18,19,175,18,205,53,13,195,224,35
18930 DATA 205,217,12,33,243,34,17,0,128,1
18940 DATA 20,0,197,237,176,193,201,49,55,47
18950 DATA 48,51,47,50,48,50,49,32,49,55
18960 DATA 58,53,50,58,48,51,0,13,205,149
18970 DATA 14,195,224,35,205,163,14,195,224,35
18980 DATA 205,70,14,195,224,35,205,148,94,217
18990 DATA 85,213,253,126,0,254,44,40,4,209
19000 DATA 195,63,36,253,35,205,148,94,217,209
19010 DATA 93,205,106,14,195,224,35,205,121,14
19020 DATA 195,224,35,205,135,14,195,224,35,205
19030 DATA 29,14,195,224,35,205,43,14,195,224
19040 DATA 35,205,93,14,195,224,35,205,189,14
19050 DATA 195,224,35,205,195,14,195,224,35,24
19060 DATA 32,6,2,24,34,1,0,1,24,29
19070 DATA 33,0,130,175,190,40,16,58,251,130
19080 DATA 183,40,10,150,40,7,48,251,237,68
19090 DATA 205,42,87,58,0,130,79,6,0,205
19100 DATA 194,86,40,65,203,128,253,35,254,126
19110 DATA 40,205,254,59,40,205,254,44,40,206
19120 DATA 205,227,86,40,230,253,43,197,205,132
19130 DATA 93,8,250,194,35,209,213,203,74,245
19140 DATA 204,150,99,241,196,83,99,193,197,121
19150 DATA 147,212,42,87,193,33,0,128,125,131
19160 DATA 111,175,119,111,205,79,14,24,186,195
19170 DATA 224,35,205,177,14,195,224,35,205,183
19180 DATA 14,195,224,35,175,201,62,1,201,201
19190 DATA 205,148,94,217,195,232,76,205,123,27
19200 DATA 205,240,22,205,146,27,195,232,76,221
19210 DATA 229,62,1,205,128,25,221,225,195,232
19220 DATA 76,221,229,175,205,128,25,221,225,195
19230 DATA 232,76,221,229,205,89,26,221,225,195
19240 DATA 232,76,221,229,205,130,26,221,225,195
19250 DATA 232,76,221,229,205,242,26,221,225,195
19260 DATA 232,76,221,229,205,142,26,221,225,201
19270 DATA 205,21,26,195,232,76,195,226,34,205
19280 DATA 240,70,83,121,110,116,97,120,32,101
19290 DATA 114,114,111,114,0,205,29,3,55,201
19300 DATA 205,96,36,205,250,2,63,254,0,200
19310 DATA 55,201,245,58,167,131,203,103,40,17
19320 DATA 58,17,131,203,79,32,25,203,207,50
19330 DATA 17,131,205,169,22,24,15,58,17,131
19340 DATA 203,79,40,8,203,143,50,17,131,205
19350 DATA 174,22,241,201,58,0,131,203,95,40
19360 DATA 9,203,159,50,0,131,42,18,131,189
19370 DATA 62,13,119,196,46,30,46,0,77,40
19380 DATA 32,6,0,126,4,35,254,13,245,229
19390 DATA 95,196,226,31,225,241,32,241,62,32
19400 DATA 205,46,30,30,8,229,205,226,31,225
19410 DATA 43,16,248,121,5,40,1,183,204,33
19420 DATA 30,79,17,197,36,213,58,0,131,183
19430 DATA 121,250,25,37,254,11,202,93,37,254
19440 DATA 10,202,144,37,6,0,254,5,40,114
19450 DATA 254,9,40,111,254,7,40,118,254,8
19460 DATA 202,144,37,14,0,254,16,202,5,32
19470 DATA 254,6,40,90,254,4,40,87,254,2
19480 DATA 40,94,254,1,40,110,254,3,40,126
19490 DATA 254,32,48,127,254,13,192,126,205,46
19500 DATA 30,35,214,13,32,247,209,185,194,66
19510 DATA 32,62,10,205,46,30,237,91,244,130
19520 DATA 175,111,34,18,131,186,192,187,192,17
19530 DATA 169,37,6,4,26,190,62,0,192,35
19540 DATA 19,126,254,46,40,2,16,242,175,71
19550 DATA 77,111,17,173,37,235,237,176,33,0
19560 DATA 131,203,222,201,55,44,45,40,69,62
19570 DATA 8,205,46,30,45,208,126,254,13,40
19580 DATA 57,84,93,19,26,27,18,19,254,13
19590 DATA 32,247,209,195,165,36,62,13,190,200
19600 DATA 84,30,254,19,18,27,123,189,27,26
19610 DATA 32,247,54,32,24,232,126,254,13,40
19620 DATA 17,86,119,44,40,9,205,46,30,62
19630 DATA 13,186,192,119,201,45,54,13,14,0
19640 DATA 201,69,68,73,84,76,73,83,84,201
19650 DATA 245,213,27,209,241,201,205,178,37,16
19660 DATA 251,201,245,213,17,44,1,27,122,179
19670 DATA 32,251,209,241,201,6,80,205,190,37
19680 DATA 16,251,201,197,1,232,3,197,205,190
19690 DATA 37,193,11,120,177,32,246,193,16,239
19700 DATA 201,245,213,205,26,38,209,205,64,38
19710 DATA 241,201,183,71,230,240,15,79,15,15
19720 DATA 129,79,120,230,15,129,201,38,255,36
19730 DATA 214,100,48,251,198,100,46,255,44,214
19740 DATA 10,48,251,198,10,79,125,7,7,7
19750 DATA 7,177,111,201,1,0,16,17,0,0
19760 DATA 41,123,143,39,95,122,143,39,87,121
19770 DATA 143,39,79,16,241,235,201,183,71,230
19780 DATA 240,15,79,15,15,129,79,120,230,15
19790 DATA 129,201,121,205,109,38,121,205,113,38
19800 DATA 124,205,109,38,124,205,113,38,125,205
19810 DATA 109,38,125,24,26,31,31,31,31,230
19820 DATA 15,198,144,39,206,64,39,18,19,201
19830 DATA 125,205,87,38,125,24,238,31,31,31
19840 DATA 31,230,15,198,144,39,206,64,39,18
19850 DATA 19,201,245,237,68,237,68,237,68,237
19860 DATA 68,11,121,176,194,125,38,241,201,33
19870 DATA 0,0,120,6,16,41,203,33,23,48
19880 DATA 1,25,16,247,201,213,121,72,33,0
19890 DATA 0,6,16,41,23,203,17,48,7,25
19900 DATA 206,0,210,178,38,12,16,241,65,79
19910 DATA 209,201,25,217,237,90,217,201,17,64
19920 DATA 0,125,108,98,183,6,8,237,82,48
19930 DATA 1,25,63,203,18,135,237,106,135,237
19940 DATA 106,16,240,201,0,0,0,0,0,0
19950 DATA 0,0,0,0,0,0,0,0,0,0
19960 DATA 0,0,0,0,0,0,0,0,0,0
19970 DATA 0,0,0,0,0,0,0,0,0,0
19980 DATA 0,0,0,0,0,0,0,0,0,0
19990 DATA 0,0,0,0,0,0,0,0,0,0
20000 DATA 0,0,0,0,0,0,0,0,0,0
20010 DATA 0,0,0,0,0,0,0,0,0,0
20020 DATA 0,0,0,0,0,0,0,0,0,0
20030 DATA 0,0,0,0,0,0,0,0,0,0
20040 DATA 0,0,0,0,0,0,0,0,0,0
20050 DATA 0,0,0,0,0,0,0,0,0,0
20060 DATA 0,0,0,0,0,0,0,0,0,0
20070 DATA 0,0,0,0,0,0,0,0,0,0
20080 DATA 0,0,0,0,0,0,0,0,0,0
20090 DATA 0,0,0,0,0,0,0,0,0,0
20100 DATA 0,0,0,0,0,0,0,0,0,0
20110 DATA 0,0,0,0,0,0,0,0,0,0
20120 DATA 0,0,0,0,0,0,0,0,0,0
20130 DATA 0,0,0,0,0,0,0,0,0,0
20140 DATA 0,0,0,0,0,0,0,0,0,0
20150 DATA 0,0,0,0,0,0,0,0,0,0
20160 DATA 0,0,0,0,0,0,0,0,0,0
