10 Reserve top-0
20 For i=0 to 16383
30 Read a:poke 0+i,a
40 next i
50 ?"type CALL TOP to run your code."
100 END
10000 DATA 243,195,0,1,195,189,2,82,0,0
10010 DATA 0,0,0,0,0,0,0,0,0,0
10020 DATA 0,0,0,0,0,0,0,0,0,0
10030 DATA 0,0,0,0,0,0,0,0,0,0
10040 DATA 0,0,0,0,0,0,0,0,0,0
10050 DATA 0,0,0,0,0,0,195,195,13,0
10060 DATA 0,0,0,0,0,0,0,0,0,0
10070 DATA 0,0,0,0,0,0,0,0,0,0
10080 DATA 0,0,0,0,0,0,0,0,0,0
10090 DATA 0,0,0,0,0,0,0,0,0,0
10100 DATA 0,0,0,0,0,0,0,0,0,0
10110 DATA 0,0,0,0,0,0,0,0,0,0
10120 DATA 0,0,0,0,0,0,0,0,0,0
10130 DATA 0,0,0,0,0,0,0,0,0,0
10140 DATA 0,0,0,0,0,0,0,0,0,0
10150 DATA 0,0,0,0,0,0,0,0,0,0
10160 DATA 0,0,0,0,0,0,0,0,0,0
10170 DATA 0,0,0,0,0,0,0,0,0,0
10180 DATA 0,0,0,0,0,0,0,0,0,0
10190 DATA 0,0,0,0,0,0,0,0,0,0
10200 DATA 0,0,0,0,0,0,0,0,0,0
10210 DATA 0,0,0,0,0,0,0,0,0,0
10220 DATA 0,0,0,0,0,0,0,0,0,0
10230 DATA 0,0,0,0,0,0,0,0,0,0
10240 DATA 0,0,0,0,0,0,0,0,0,0
10250 DATA 0,0,0,0,0,0,195,161,1,195
10260 DATA 230,5,195,102,5,195,82,5,195,35
10270 DATA 38,195,8,5,195,12,4,195,221,3
10280 DATA 195,229,19,195,230,19,195,214,20,195
10290 DATA 231,19,195,64,21,195,111,22,195,78
10300 DATA 21,195,232,19,195,233,19,195,234,19
10310 DATA 195,235,19,195,149,47,195,30,9,195
10320 DATA 217,25,195,58,25,195,168,27,195,182
10330 DATA 27,195,89,27,195,125,27,195,140,27
10340 DATA 195,154,27,195,48,27,195,62,27,195
10350 DATA 112,27,195,208,27,195,214,27,195,98
10360 DATA 27,195,196,27,195,202,27,195,210,41
10370 DATA 195,97,42,195,241,36,195,56,44,195
10380 DATA 83,37,195,166,41,195,139,50,195,28
10390 DATA 50,195,0,0,195,64,46,195,5,46
10400 DATA 195,99,47,62,1,205,137,14,201,12
10410 DATA 13,14,15,4,5,6,7,243,237,86
10420 DATA 14,0,175,6,128,237,121,60,6,160
10430 DATA 237,121,62,14,6,64,237,121,62,15
10440 DATA 6,96,237,121,62,4,6,128,237,121
10450 DATA 60,6,160,237,121,60,6,192,237,121
10460 DATA 60,6,224,237,121,62,7,211,104,61
10470 DATA 194,211,1,49,255,250,33,0,254,175
10480 DATA 119,35,124,181,32,249,205,82,14,33
10490 DATA 153,1,17,51,255,1,8,0,237,176
10500 DATA 62,36,50,165,255,205,140,6,205,180
10510 DATA 6,205,240,45,62,1,205,137,14,33
10520 DATA 235,7,205,177,14,205,168,23,205,46
10530 DATA 25,205,157,25,205,216,26,33,58,8
10540 DATA 205,98,27,62,6,205,133,19,40,32
10550 DATA 205,187,14,69,82,82,79,82,32,73
10560 DATA 78,73,84,73,76,73,90,73,78,71
10570 DATA 32,67,72,51,55,54,83,10,13,0
10580 DATA 24,27,205,187,14,83,84,79,82,65
10590 DATA 71,69,32,68,69,86,73,67,69,32
10600 DATA 69,88,73,83,84,83,10,13,0,33
10610 DATA 187,254,203,198,203,206,205,35,35,33
10620 DATA 0,0,34,3,254,33,255,255,34,1
10630 DATA 254,33,216,7,205,177,14,205,20,39
10640 DATA 175,50,15,254,62,0,50,13,254,62
10650 DATA 0,50,14,254,205,238,27,33,203,7
10660 DATA 205,177,14,205,108,15,205,187,14,10
10670 DATA 13,80,83,47,50,32,75,69,89,66
10680 DATA 79,65,82,68,32,73,78,73,84,10
10690 DATA 13,0,205,236,13,33,75,8,205,34
10700 DATA 5,175,50,15,254,33,27,7,205,177
10710 DATA 14,33,1,8,205,177,14,62,0,50
10720 DATA 13,254,50,69,255,62,6,50,14,254
10730 DATA 50,70,255,33,236,6,205,34,5,205
10740 DATA 12,4,245,205,102,5,241,254,85,204
10750 DATA 10,6,254,88,202,1,6,254,83,204
10760 DATA 147,1,254,84,204,90,6,254,89,204
10770 DATA 112,6,254,72,204,127,6,254,74,204
10780 DATA 63,6,254,75,204,173,8,254,67,204
10790 DATA 230,5,254,66,202,68,3,254,77,202
10800 DATA 161,3,254,81,204,50,3,254,53,204
10810 DATA 109,4,205,50,46,195,189,2,33,160
10820 DATA 254,6,19,205,217,14,119,35,16,249
10830 DATA 54,32,205,90,25,201,6,2,62,2
10840 DATA 205,94,14,6,3,62,3,205,94,14
10850 DATA 195,0,64,67,76,69,65,82,32,83
10860 DATA 67,82,69,69,78,0,66,66,67,32
10870 DATA 66,65,83,73,67,0,67,79,77,77
10880 DATA 65,78,68,32,80,82,79,77,80,84
10890 DATA 0,83,69,84,32,83,69,82,73,65
10900 DATA 76,32,84,79,32,49,49,53,75,66
10910 DATA 80,83,0,82,69,84,85,82,78,32
10920 DATA 84,79,32,77,69,78,85,0,0,62
10930 DATA 2,6,11,205,104,30,50,168,255,33
10940 DATA 63,0,34,169,255,33,255,255,34,171
10950 DATA 255,33,85,3,17,8,8,62,1,205
10960 DATA 17,52,254,1,204,230,5,254,2,202
10970 DATA 68,3,254,3,204,173,8,254,4,204
10980 DATA 147,1,254,5,202,189,2,24,196,213
10990 DATA 205,122,5,175,205,0,15,40,16,205
11000 DATA 217,14,205,60,4,254,13,32,3,205
11010 DATA 50,46,209,55,201,205,94,15,40,14
11020 DATA 205,82,15,205,60,4,254,13,32,3
11030 DATA 205,50,46,55,209,201,205,122,5,175
11040 DATA 205,0,15,40,15,205,217,14,205,60
11050 DATA 4,254,13,32,3,205,50,46,55,201
11060 DATA 205,94,15,40,227,205,82,15,254,0
11070 DATA 40,220,205,60,4,254,13,32,3,205
11080 DATA 50,46,55,201,254,165,204,81,4,254
11090 DATA 166,204,88,4,254,167,204,95,4,254
11100 DATA 168,204,102,4,201,205,57,46,175,195
11110 DATA 2,28,205,57,46,175,195,13,28,205
11120 DATA 57,46,175,195,24,28,205,57,46,175
11130 DATA 195,35,28,205,187,14,77,79,85,78
11140 DATA 84,32,83,84,79,82,65,71,69,32
11150 DATA 84,69,83,84,10,13,0,175,205,168
11160 DATA 19,216,245,205,187,14,68,69,86,73
11170 DATA 67,69,32,73,83,32,80,82,69,83
11180 DATA 69,78,84,10,13,0,241,205,179,49
11190 DATA 254,0,32,18,205,187,14,84,73,77
11200 DATA 69,79,85,84,46,46,46,10,13,0
11210 DATA 201,0,0,254,1,32,25,205,187,14
11220 DATA 85,83,66,32,74,85,83,84,32,67
11230 DATA 79,78,78,69,67,84,69,68,10,13
11240 DATA 0,201,254,2,192,205,187,14,85,83
11250 DATA 66,32,74,85,83,84,32,68,73,83
11260 DATA 67,79,78,78,69,67,84,69,68,10
11270 DATA 13,0,201,122,50,13,254,50,69,255
11280 DATA 123,50,14,254,50,70,255,201,245,58
11290 DATA 187,254,230,1,40,5,241,245,205,105
11300 DATA 37,209,58,187,254,230,2,200,213,241
11310 DATA 205,240,28,201,126,254,0,200,229,205
11320 DATA 8,5,225,35,24,244,225,205,34,5
11330 DATA 35,229,201,229,58,187,254,230,1,40
11340 DATA 3,205,84,39,225,58,187,254,230,1
11350 DATA 40,248,58,187,254,230,2,200,205,74
11360 DATA 29,201,58,187,254,230,1,40,3,205
11370 DATA 210,38,58,187,254,230,2,200,205,55
11380 DATA 31,201,58,187,254,230,1,40,3,205
11390 DATA 205,38,58,187,254,230,2,200,205,25
11400 DATA 31,201,245,58,17,254,203,87,32,39
11410 DATA 58,193,254,203,103,40,17,58,17,254
11420 DATA 203,79,32,28,203,207,50,17,254,205
11430 DATA 102,5,24,18,58,17,254,203,79,40
11440 DATA 11,203,143,50,17,254,205,82,5,205
11450 DATA 206,5,241,201,203,39,203,39,203,39
11460 DATA 71,58,17,254,203,159,176,50,17,254
11470 DATA 201,203,39,203,39,71,58,17,254,203
11480 DATA 151,176,50,17,254,201,58,17,254,203
11490 DATA 95,192,205,34,26,216,22,0,30,1
11500 DATA 205,125,27,33,161,254,205,98,27,201
11510 DATA 205,20,39,205,229,28,201,175,50,13
11520 DATA 254,50,69,255,58,14,254,205,127,38
11530 DATA 58,70,255,205,221,34,201,62,5,205
11540 DATA 71,47,42,190,254,233,243,205,217,14
11550 DATA 111,205,217,14,103,205,217,14,79,205
11560 DATA 217,14,71,34,190,254,58,191,254,254
11570 DATA 128,220,188,6,229,205,217,14,119,35
11580 DATA 11,120,177,32,246,205,180,6,62,5
11590 DATA 205,71,47,205,84,47,225,251,201,205
11600 DATA 217,14,111,205,217,14,103,205,217,14
11610 DATA 79,205,217,14,71,126,205,162,14,35
11620 DATA 11,120,177,32,246,201,0,6,10,197
11630 DATA 205,217,14,205,162,14,62,32,62,82
11640 DATA 205,97,47,193,16,239,175,201,0,6
11650 DATA 255,197,205,217,14,205,162,14,193,16
11660 DATA 246,175,201,0,6,255,197,120,205,162
11670 DATA 14,193,16,248,175,201,175,50,182,254
11680 DATA 201,4,175,55,23,16,253,47,71,58
11690 DATA 182,254,160,50,182,254,211,8,201,4
11700 DATA 175,55,23,16,253,71,58,182,254,176
11710 DATA 50,182,254,211,8,201,197,6,0,205
11720 DATA 145,6,193,201,197,6,0,205,163,6
11730 DATA 193,201,245,38,0,111,17,198,254,205
11740 DATA 123,47,62,10,18,19,62,13,18,19
11750 DATA 175,18,33,198,254,205,177,14,241,201
11760 DATA 92,69,80,82,79,77,49,46,66,73
11770 DATA 78,0,85,58,85,80,32,74,58,68
11780 DATA 78,32,88,58,82,85,78,32,67,58
11790 DATA 67,76,83,32,66,58,66,65,83,73
11800 DATA 67,32,75,58,67,77,68,80,82,77
11810 DATA 84,32,77,58,77,69,78,85,0,10
11820 DATA 13,85,58,85,80,76,79,65,68,32
11830 DATA 74,58,68,79,87,78,76,68,32,83
11840 DATA 58,49,49,53,75,66,80,83,32,88
11850 DATA 58,82,85,78,32,67,58,67,76,83
11860 DATA 32,66,58,66,65,83,73,67,32,75
11870 DATA 58,67,77,68,32,80,82,79,77,80
11880 DATA 84,32,77,58,77,69,78,85,10,13
11890 DATA 0,76,67,68,32,73,78,73,84,73
11900 DATA 65,76,73,90,69,68,0,82,83,50
11910 DATA 51,50,32,73,78,73,84,0,80,82
11920 DATA 79,71,82,65,77,32,72,65,76,84
11930 DATA 69,68,0,87,65,73,84,73,78,71
11940 DATA 46,46,46,0,80,82,71,32,84,82
11950 DATA 65,78,83,70,69,82,69,68,0,82
11960 DATA 69,67,69,73,86,73,78,71,46,46
11970 DATA 46,0,80,82,71,32,69,88,69,67
11980 DATA 85,84,69,0,73,77,65,71,69,32
11990 DATA 67,79,80,89,0,83,67,82,69,69
12000 DATA 78,32,82,69,65,68,89,0,67,76
12010 DATA 69,65,82,73,78,71,32,83,67,82
12020 DATA 69,69,78,46,10,13,0,10,13,82
12030 DATA 83,50,51,50,32,73,78,73,84,73
12040 DATA 65,76,73,90,69,68,10,13,0,10
12050 DATA 13,87,65,73,84,73,78,71,46,46
12060 DATA 46,10,13,0,0,10,13,75,69,89
12070 DATA 32,80,82,69,83,83,69,68,10,13
12080 DATA 0,0,10,13,83,84,79,82,65,71
12090 DATA 69,32,73,78,73,84,73,65,76,73
12100 DATA 90,69,68,10,13,0,65,84,76,65
12110 DATA 83,32,79,83,32,86,69,82,48,46
12120 DATA 53,51,0,65,84,76,65,83,32,77
12130 DATA 111,100,117,108,97,114,32,90,56,48
12140 DATA 32,67,111,109,112,117,116,101,114,10
12150 DATA 13,79,112,101,114,97,116,105,110,103
12160 DATA 32,83,121,115,116,101,109,32,86,101
12170 DATA 114,115,105,111,110,32,48,46,53,51
12180 DATA 10,13,67,68,101,115,112,32,50,48
12190 DATA 50,48,45,50,50,10,13,82,65,77
12200 DATA 58,32,52,48,48,48,104,44,84,79
12210 DATA 80,58,32,70,65,48,48,104,10,13
12220 DATA 0,62,15,50,67,255,62,4,50,68
12230 DATA 255,33,189,8,34,117,255,58,13,254
12240 DATA 103,58,14,254,132,254,0,40,12,62
12250 DATA 13,205,8,5,175,50,13,254,50,69
12260 DATA 255,205,237,5,62,35,205,8,5,33
12270 DATA 77,255,229,205,12,4,225,254,0,40
12280 DATA 247,254,32,48,33,254,6,32,23,43
12290 DATA 58,69,255,254,1,32,5,33,77,255
12300 DATA 24,226,62,8,205,21,9,62,0,119
12310 DATA 24,216,254,13,40,18,24,210,205,21
12320 DATA 9,119,35,24,203,229,245,55,205,8
12330 DATA 5,241,225,201,229,245,205,102,5,241
12340 DATA 225,205,21,9,175,119,33,77,255,205
12350 DATA 137,9,254,13,200,254,124,200,235,33
12360 DATA 152,9,26,205,144,9,190,40,11,56
12370 DATA 49,203,126,35,40,251,35,35,24,238
12380 DATA 213,19,35,26,205,144,9,254,46,40
12390 DATA 10,174,40,243,254,128,40,3,209,24
12400 DATA 226,241,19,203,126,35,40,251,126,35
12410 DATA 102,111,229,235,229,253,225,195,137,9
12420 DATA 62,254,205,216,10,79,83,32,66,97
12430 DATA 100,32,99,111,109,109,97,110,100,13
12440 DATA 0,126,254,32,192,35,24,249,230,127
12450 DATA 254,96,216,230,95,201,66,89,197,249
12460 DATA 10,67,196,186,11,67,76,211,252,10
12470 DATA 67,85,82,83,79,210,135,13,68,73
12480 DATA 210,164,11,69,88,69,195,59,11,76
12490 DATA 67,68,95,66,76,73,78,75,79,70
12500 DATA 198,147,12,76,67,68,95,66,76,73
12510 DATA 78,75,79,206,153,12,76,67,68,95
12520 DATA 67,76,69,65,210,159,12,76,67,68
12530 DATA 95,67,85,82,83,79,82,65,212,165
12540 DATA 12,76,67,68,95,67,85,82,83,79
12550 DATA 70,198,194,12,76,67,68,95,67,85
12560 DATA 82,83,79,206,200,12,76,67,68,95
12570 DATA 68,73,83,80,79,70,198,206,12,76
12580 DATA 67,68,95,68,73,83,80,79,206,212
12590 DATA 12,76,67,68,95,72,79,77,197,112
12600 DATA 27,76,67,68,95,77,79,86,76,69
12610 DATA 70,212,224,12,76,67,68,95,77,79
12620 DATA 86,82,73,71,72,212,230,12,76,67
12630 DATA 68,95,80,82,73,78,212,236,12,76
12640 DATA 67,68,95,83,67,82,76,69,70,212
12650 DATA 245,12,76,67,68,95,83,67,82,82
12660 DATA 73,71,72,212,251,12,76,67,68,84
12670 DATA 73,77,197,165,13,80,87,196,246,10
12680 DATA 82,69,83,69,212,2,11,82,84,67
12690 DATA 95,65,68,74,85,83,212,232,11,82
12700 DATA 84,67,95,71,69,212,22,12,83,69
12710 DATA 84,68,65,84,69,84,73,77,197,130
12720 DATA 12,83,69,84,68,65,84,197,42,12
12730 DATA 83,69,84,76,67,196,38,13,83,69
12740 DATA 84,84,73,77,197,86,12,83,69,84
12750 DATA 86,71,193,1,13,84,89,80,197,197
12760 DATA 11,86,71,65,77,79,68,197,75,13
12770 DATA 255,42,117,255,229,201,225,205,34,5
12780 DATA 195,211,10,205,216,10,79,83,32,67
12790 DATA 77,68,32,83,121,110,116,97,120,32
12800 DATA 101,114,114,111,114,0,195,211,10,195
12810 DATA 189,2,205,230,5,195,211,10,195,0
12820 DATA 0,205,216,10,78,79,84,32,65,32
12830 DATA 86,65,76,73,68,32,72,69,88,32
12840 DATA 65,68,68,82,69,83,83,0,126,254
12850 DATA 0,40,20,254,46,40,3,35,24,244
12860 DATA 35,205,228,48,32,211,205,52,49,96
12870 DATA 105,175,201,55,201,205,172,11,43,43
12880 DATA 43,43,43,205,32,11,218,211,10,229
12890 DATA 205,214,20,225,56,67,229,84,93,1
12900 DATA 0,0,205,78,21,58,255,254,205,64
12910 DATA 21,201,253,229,225,205,137,9,229,30
12920 DATA 0,126,254,32,40,24,254,44,40,20
12930 DATA 254,47,40,16,254,58,40,12,254,13
12940 DATA 40,8,254,0,40,4,35,28,24,227
12950 DATA 229,253,225,225,201,205,96,11,205,4
12960 DATA 49,111,201,205,216,10,83,84,79,82
12970 DATA 65,71,69,32,69,82,82,79,82,0
12980 DATA 205,229,19,210,211,10,24,231,205,96
12990 DATA 11,6,0,75,17,211,254,237,176,175
13000 DATA 18,201,205,172,11,205,230,19,210,211
13010 DATA 10,24,206,205,172,11,205,214,20,56
13020 DATA 198,205,231,19,58,255,254,205,64,21
13030 DATA 195,211,10,205,139,11,205,149,47,253
13040 DATA 126,0,254,44,253,35,125,201,14,0
13050 DATA 17,138,254,175,50,138,254,19,197,213
13060 DATA 205,217,11,209,193,40,11,253,43,71
13070 DATA 121,254,6,40,8,195,223,10,12,18
13080 DATA 19,24,231,120,18,19,175,18,205,217
13090 DATA 25,195,211,10,205,34,26,33,160,254
13100 DATA 17,20,0,175,25,119,237,82,205,34
13110 DATA 5,195,211,10,205,34,26,33,176,254
13120 DATA 17,178,254,1,8,0,237,184,33,169
13130 DATA 254,54,48,35,54,32,253,229,225,35
13140 DATA 17,160,254,1,8,0,237,176,253,33
13150 DATA 160,254,205,90,25,195,211,10,205,34
13160 DATA 26,33,176,254,17,178,254,1,8,0
13170 DATA 237,184,33,169,254,54,48,35,54,32
13180 DATA 253,229,225,35,17,171,254,1,8,0
13190 DATA 237,176,253,33,160,254,205,90,25,195
13200 DATA 211,10,253,229,225,17,160,254,1,19
13210 DATA 0,237,176,205,90,25,195,211,10,205
13220 DATA 168,27,195,211,10,205,182,27,195,211
13230 DATA 10,205,89,27,195,211,10,205,139,11
13240 DATA 85,213,253,126,0,254,44,40,4,209
13250 DATA 195,223,10,253,35,205,139,11,209,93
13260 DATA 205,125,27,195,211,10,205,140,27,195
13270 DATA 211,10,205,154,27,195,211,10,205,48
13280 DATA 27,195,211,10,205,62,27,195,211,10
13290 DATA 205,112,27,195,211,10,205,208,27,195
13300 DATA 211,10,205,214,27,195,211,10,205,96
13310 DATA 11,205,98,27,195,211,10,205,196,27
13320 DATA 195,211,10,205,202,27,195,211,10,205
13330 DATA 96,11,205,91,13,79,78,0,40,18
13340 DATA 205,91,13,79,70,70,0,194,223,10
13350 DATA 33,187,254,203,142,195,211,10,33,187
13360 DATA 254,203,206,195,211,10,205,96,11,205
13370 DATA 91,13,79,78,0,40,18,205,91,13
13380 DATA 79,70,70,0,194,223,10,33,187,254
13390 DATA 203,134,195,211,10,33,187,254,203,198
13400 DATA 195,211,10,205,139,11,230,3,111,205
13410 DATA 190,28,77,205,140,28,195,211,10,209
13420 DATA 229,26,254,0,40,19,71,126,254,0
13430 DATA 40,13,184,32,4,19,35,24,238,62
13440 DATA 1,254,0,24,1,175,205,124,13,225
13450 DATA 213,201,245,27,19,26,254,0,32,250
13460 DATA 19,241,201,205,96,11,205,91,13,79
13470 DATA 78,0,62,0,40,11,205,91,13,79
13480 DATA 70,70,0,194,223,10,60,205,191,5
13490 DATA 195,211,10,205,96,11,205,91,13,79
13500 DATA 78,0,62,0,40,11,205,91,13,79
13510 DATA 70,70,0,194,223,10,60,205,174,5
13520 DATA 195,211,10,245,197,213,229,221,229,219
13530 DATA 104,47,230,7,221,33,148,255,6,0
13540 DATA 79,203,33,221,9,221,110,0,221,102
13550 DATA 1,1,228,13,197,233,221,225,225,209
13560 DATA 193,241,251,201,243,33,2,14,17,148
13570 DATA 255,1,16,0,237,176,14,104,6,8
13580 DATA 237,65,16,252,251,201,73,14,26,14
13590 DATA 18,14,34,14,34,14,34,14,34,14
13600 DATA 34,14,79,205,68,15,121,211,104,201
13610 DATA 211,104,62,1,50,197,254,201,211,104
13620 DATA 201,33,193,254,52,126,254,0,192,35
13630 DATA 52,126,254,0,192,35,52,126,254,0
13640 DATA 192,35,52,126,254,0,192,33,0,0
13650 DATA 34,193,254,34,195,254,201,211,104,205
13660 DATA 37,14,205,29,47,201,33,51,255,6
13670 DATA 8,175,119,60,35,16,251,201,79,120
13680 DATA 254,2,216,254,7,200,33,51,255,22
13690 DATA 0,95,25,121,119,14,0,88,203,32
13700 DATA 203,32,203,32,203,32,203,32,237,121
13710 DATA 67,201,33,51,255,22,0,88,25,126
13720 DATA 201,245,62,128,211,27,241,211,24,62
13730 DATA 0,211,25,62,3,211,27,62,0,211
13740 DATA 26,62,0,211,25,201,205,168,14,211
13750 DATA 24,201,245,219,29,203,111,40,250,241
13760 DATA 201,126,35,254,0,200,205,162,14,24
13770 DATA 246,229,197,213,245,33,9,0,57,70
13780 DATA 43,78,96,105,205,177,14,241,209,68
13790 DATA 77,33,5,0,57,112,43,113,193,225
13800 DATA 201,243,62,1,211,28,205,247,14,175
13810 DATA 211,28,219,24,251,201,62,1,211,28
13820 DATA 219,29,203,71,40,3,243,24,236,175
13830 DATA 201,245,219,29,203,71,40,250,241,201
13840 DATA 219,29,203,71,201,245,241,201,245,62
13850 DATA 13,205,162,14,62,10,205,162,14,241
13860 DATA 201,245,229,197,219,29,203,103,40,4
13870 DATA 62,66,24,26,203,87,40,4,62,80
13880 DATA 24,18,203,95,40,4,62,70,24,10
13890 DATA 203,79,40,4,62,79,24,2,62,78
13900 DATA 33,184,254,119,193,225,241,201,33,166
13910 DATA 255,54,1,219,32,201,33,166,255,54
13920 DATA 0,201,205,99,15,183,200,50,167,255
13930 DATA 205,98,16,201,58,166,255,183,201,205
13940 DATA 136,15,183,200,205,161,15,201,205,127
13950 DATA 15,219,32,205,132,15,205,132,15,205
13960 DATA 76,15,175,50,167,255,201,62,2,211
13970 DATA 32,201,175,211,32,201,243,62,2,211
13980 DATA 32,219,32,79,175,211,32,211,32,211
13990 DATA 32,121,251,6,30,16,254,205,76,15
14000 DATA 201,254,225,200,254,240,200,254,224,200
14010 DATA 254,170,200,79,58,167,255,254,225,40
14020 DATA 35,254,240,40,89,254,224,40,33,121
14030 DATA 254,18,204,62,16,254,89,204,62,16
14040 DATA 254,20,204,71,16,254,17,204,80,16
14050 DATA 254,88,204,89,16,201,121,254,240,200
14060 DATA 175,201,121,254,107,200,254,114,200,254
14070 DATA 116,200,254,117,200,254,112,200,254,108
14080 DATA 200,254,125,200,254,122,200,254,105,200
14090 DATA 254,113,200,254,102,200,254,90,200,254
14100 DATA 17,200,254,20,200,254,74,200,254,240
14110 DATA 32,0,175,201,121,254,18,204,44,16
14120 DATA 254,20,204,50,16,254,17,204,56,16
14130 DATA 254,89,204,44,16,50,167,255,175,201
14140 DATA 33,183,254,203,182,201,33,183,254,203
14150 DATA 190,201,33,183,254,203,174,201,33,183
14160 DATA 254,62,64,174,119,175,201,33,183,254
14170 DATA 62,128,174,119,175,201,33,183,254,62
14180 DATA 32,174,119,175,201,33,183,254,62,16
14190 DATA 174,119,175,201,254,170,56,2,175,201
14200 DATA 33,158,16,87,205,152,16,71,254,97
14210 DATA 56,4,254,123,56,9,58,183,254,203
14220 DATA 119,120,200,24,15,58,183,254,79,203
14230 DATA 31,203,31,169,203,103,32,2,120,201
14240 DATA 122,33,72,17,205,152,16,201,6,0
14250 DATA 79,9,126,201,0,0,0,165,0,0
14260 DATA 0,0,0,0,168,166,0,0,96,0
14270 DATA 0,0,0,0,0,113,49,0,0,0
14280 DATA 122,115,97,119,50,0,0,99,120,100
14290 DATA 101,52,51,0,0,32,118,102,116,114
14300 DATA 53,0,0,110,98,104,103,121,54,0
14310 DATA 0,44,109,106,117,55,56,0,0,44
14320 DATA 107,105,111,48,57,0,0,46,47,108
14330 DATA 59,112,45,0,0,0,39,0,91,61
14340 DATA 0,0,0,0,13,93,0,92,0,0
14350 DATA 0,0,0,0,0,0,6,0,0,8
14360 DATA 0,4,9,0,0,0,1,7,10,0
14370 DATA 3,11,27,0,0,0,43,45,42,57
14380 DATA 0,0,0,0,0,167,0,0,0,0
14390 DATA 0,0,0,0,0,0,0,0,0,0
14400 DATA 0,0,0,0,0,0,0,0,0,0
14410 DATA 0,0,0,0,0,0,0,0,0,0
14420 DATA 0,0,0,0,0,0,0,165,0,0
14430 DATA 0,0,0,0,168,166,0,0,126,0
14440 DATA 0,0,0,0,0,81,33,0,0,0
14450 DATA 90,83,65,87,64,0,0,67,88,68
14460 DATA 69,36,35,0,0,32,86,70,84,82
14470 DATA 37,0,0,78,66,72,71,89,94,0
14480 DATA 0,34,77,74,85,38,42,0,0,60
14490 DATA 75,73,79,41,40,0,0,62,63,76
14500 DATA 58,80,95,0,0,0,34,0,123,43
14510 DATA 0,0,0,0,13,125,0,124,0,0
14520 DATA 0,0,0,0,0,0,6,0,0,8
14530 DATA 0,4,9,0,0,0,1,7,10,0
14540 DATA 3,11,27,0,0,0,43,45,42,57
14550 DATA 0,0,0,0,0,167,0,0,0,0
14560 DATA 0,0,0,0,0,0,0,0,0,0
14570 DATA 0,0,0,0,0,0,0,0,0,0
14580 DATA 0,0,0,0,0,0,0,0,0,0
14590 DATA 0,0,0,0,205,208,18,254,0,200
14600 DATA 245,17,0,255,71,205,208,18,18,19
14610 DATA 16,249,241,201,245,205,187,14,70,65
14620 DATA 84,65,76,32,69,82,82,79,82,58
14630 DATA 0,241,205,179,49,33,39,18,254,146
14640 DATA 40,1,201,205,177,14,201,80,65,82
14650 DATA 84,73,84,73,79,78,46,78,79,84
14660 DATA 46,83,85,80,80,79,82,84,69,68
14670 DATA 33,33,33,10,13,0,205,84,18,192
14680 DATA 216,175,205,115,18,254,20,200,6,2
14690 DATA 5,201,175,1,50,0,205,193,18,203
14700 DATA 127,200,245,197,6,20,205,78,47,193
14710 DATA 241,11,95,120,177,123,32,234,55,6
14720 DATA 2,5,201,62,34,205,181,18,205,208
14730 DATA 18,201,1,196,9,205,193,18,203,103
14740 DATA 200,197,245,6,50,205,78,47,241,193
14750 DATA 11,95,120,177,123,32,234,245,205,179
14760 DATA 49,241,205,187,14,42,42,42,67,77
14770 DATA 68,32,84,73,77,69,79,85,84,42
14780 DATA 42,42,10,13,0,6,2,5,201,211
14790 DATA 49,197,213,229,205,124,18,225,209,193
14800 DATA 201,219,49,201,211,48,213,229,197,205
14810 DATA 124,18,193,225,209,201,219,48,201,62
14820 DATA 1,205,181,18,205,208,18,230,15,201
14830 DATA 62,5,205,181,18,62,6,205,181,18
14840 DATA 62,87,205,196,18,205,208,18,254,168
14850 DATA 201,245,62,21,205,181,18,241,205,196
14860 DATA 18,6,20,205,78,47,205,115,18,254
14870 DATA 21,200,245,205,187,14,69,82,82,58
14880 DATA 32,83,69,84,85,83,66,77,79,68
14890 DATA 69,10,13,0,241,205,179,49,201,62
14900 DATA 48,205,181,18,205,68,18,216,200,201
14910 DATA 62,49,205,181,18,205,68,18,201,6
14920 DATA 10,197,205,243,18,32,16,205,35,19
14930 DATA 32,11,62,49,205,181,18,205,68,18
14940 DATA 193,200,197,6,100,205,99,47,193,16
14950 DATA 226,6,2,5,245,205,187,14,69,82
14960 DATA 82,58,32,77,79,85,78,84,32,68
14970 DATA 73,83,75,10,13,0,241,201,126,245
14980 DATA 229,205,162,14,225,241,205,196,18,192
14990 DATA 126,254,0,200,35,24,237,87,175,50
15000 DATA 204,255,205,222,18,32,6,122,205,243
15010 DATA 18,40,3,62,0,201,205,211,18,191
15020 DATA 62,128,50,204,255,201,58,204,255,203
15030 DATA 127,201,205,162,19,55,200,6,5,205
15040 DATA 35,19,40,6,48,28,16,247,175,201
15050 DATA 175,58,204,255,203,71,192,205,46,19
15060 DATA 32,12,58,204,255,203,199,50,204,255
15070 DATA 175,62,1,201,175,58,204,255,203,71
15080 DATA 200,203,135,50,204,255,62,2,201,205
15090 DATA 55,19,201,201,201,201,201,201,201,201
15100 DATA 62,39,205,181,18,205,242,17,245,214
15110 DATA 8,71,241,33,8,255,126,229,197,205
15120 DATA 8,5,193,225,35,16,245,205,8,15
15130 DATA 62,63,205,181,18,205,68,18,192,62
15140 DATA 39,205,181,18,205,242,17,221,33,0
15150 DATA 255,221,229,221,86,3,221,94,2,221
15160 DATA 102,1,221,110,0,205,42,48,33,127
15170 DATA 255,205,186,48,205,34,5,205,46,5
15180 DATA 32,83,69,67,84,79,82,83,10,13
15190 DATA 0,221,225,221,229,221,86,7,221,94
15200 DATA 6,221,102,5,221,110,4,205,42,48
15210 DATA 33,127,255,205,186,48,205,34,5,205
15220 DATA 46,5,32,83,69,67,84,79,82,83
15230 DATA 32,70,82,69,69,32,32,32,10,13
15240 DATA 0,221,225,221,126,8,61,40,8,61
15250 DATA 40,24,61,40,40,24,57,205,46,5
15260 DATA 70,83,32,73,83,32,70,65,84,45
15270 DATA 49,50,10,13,0,201,205,46,5,70
15280 DATA 83,32,73,83,32,70,65,84,45,49
15290 DATA 54,10,13,0,201,205,46,5,70,83
15300 DATA 32,73,83,32,70,65,84,45,51,50
15310 DATA 10,13,0,201,205,46,5,85,78,75
15320 DATA 78,79,87,78,32,70,83,10,13,0
15330 DATA 221,126,8,201,245,62,47,205,181,18
15340 DATA 33,211,254,205,114,19,40,30,241,205
15350 DATA 46,5,69,82,82,79,82,32,83,69
15360 DATA 84,84,73,78,71,32,70,73,76,69
15370 DATA 78,65,77,69,10,13,0,201,241,183
15380 DATA 40,31,214,1,40,27,214,1,40,23
15390 DATA 205,46,5,10,13,67,82,69,65,84
15400 DATA 73,78,71,46,46,46,10,13,0,62
15410 DATA 52,24,20,205,46,5,10,13,79,80
15420 DATA 69,78,73,78,71,46,46,46,10,13
15430 DATA 0,62,50,205,181,18,205,68,18,201
15440 DATA 62,54,205,181,18,62,1,205,196,18
15450 DATA 205,68,18,201,213,62,58,205,181,18
15460 DATA 121,205,196,18,120,205,196,18,205,46
15470 DATA 5,66,76,79,67,75,32,82,69,65
15480 DATA 68,73,78,71,10,13,0,209,33,0
15490 DATA 0,229,213,205,68,18,209,225,40,28
15500 DATA 254,29,32,50,62,39,205,181,18,205
15510 DATA 208,18,71,205,208,18,18,19,35,16
15520 DATA 248,62,59,205,181,18,24,219,229,205
15530 DATA 46,5,82,69,65,68,73,78,71,32
15540 DATA 68,79,78,69,33,33,33,32,0,225
15550 DATA 68,77,183,201,245,205,46,5,69,82
15560 DATA 82,79,82,32,82,69,65,68,73,78
15570 DATA 71,32,66,76,79,67,75,33,33,33
15580 DATA 32,0,241,6,2,5,201,213,197,229
15590 DATA 205,46,5,79,80,69,78,32,70,73
15600 DATA 76,69,10,13,0,225,205,232,49,175
15610 DATA 205,214,20,32,88,205,46,5,10,13
15620 DATA 70,73,76,69,32,79,80,69,78,32
15630 DATA 79,75,10,13,0,193,209,205,78,21
15640 DATA 40,25,205,46,5,32,69,82,82,79
15650 DATA 82,32,82,69,65,68,73,78,71,32
15660 DATA 70,73,76,69,10,13,0,197,205,38
15670 DATA 48,33,127,255,205,186,48,205,177,14
15680 DATA 205,46,5,32,66,89,84,69,83,32
15690 DATA 82,69,65,68,10,13,0,205,64,21
15700 DATA 193,175,201,193,209,205,46,5,45,45
15710 DATA 62,69,82,82,79,82,32,79,80,69
15720 DATA 78,73,78,71,32,70,73,76,69,10
15730 DATA 13,0,33,211,254,205,177,14,205,8
15740 DATA 15,55,201,213,62,60,205,181,18,121
15750 DATA 205,196,18,120,205,196,18,205,46,5
15760 DATA 66,76,79,67,75,32,87,82,73,84
15770 DATA 73,78,71,10,13,0,225,229,205,68
15780 DATA 18,225,40,27,254,30,32,49,62,45
15790 DATA 205,181,18,205,208,18,71,126,205,196
15800 DATA 18,35,16,249,62,61,205,181,18,24
15810 DATA 222,229,205,46,5,87,82,73,84,73
15820 DATA 78,71,32,68,79,78,69,33,33,33
15830 DATA 32,13,10,0,225,183,201,245,205,46
15840 DATA 5,69,82,82,79,82,32,87,82,73
15850 DATA 84,73,78,71,32,66,76,79,67,75
15860 DATA 33,33,33,32,13,10,0,241,6,2
15870 DATA 5,201,213,197,229,205,46,5,10,13
15880 DATA 83,65,86,69,32,70,73,76,69,10
15890 DATA 13,10,13,0,225,205,232,49,62,4
15900 DATA 205,214,20,32,78,205,46,5,10,13
15910 DATA 70,73,76,69,32,67,82,69,65,84
15920 DATA 69,68,32,79,75,10,13,0,193,209
15930 DATA 205,111,22,40,25,205,46,5,32,69
15940 DATA 82,82,79,82,32,87,82,73,84,73
15950 DATA 78,71,32,70,73,76,69,10,13,0
15960 DATA 205,46,5,66,89,84,69,32,87,82
15970 DATA 73,84,84,69,78,10,13,0,205,64
15980 DATA 21,175,201,193,209,205,179,49,205,46
15990 DATA 5,45,45,62,69,82,82,79,82,32
16000 DATA 67,82,69,65,84,73,78,71,32,70
16010 DATA 73,76,69,10,13,0,33,211,254,205
16020 DATA 177,14,205,8,15,55,201,197,1,0
16030 DATA 32,219,115,203,95,32,5,11,120,177
16040 DATA 32,245,193,219,112,201,219,115,203,95
16050 DATA 62,255,200,219,112,201,62,1,211,112
16060 DATA 62,224,211,114,62,64,211,115,6,250
16070 DATA 205,78,47,6,250,205,78,47,62,6
16080 DATA 211,112,62,0,211,114,62,2,211,112
16090 DATA 62,157,211,114,62,3,211,112,62,134
16100 DATA 211,114,201,62,96,211,115,205,139,23
16110 DATA 95,254,8,40,33,254,16,40,29,254
16120 DATA 40,40,38,254,24,40,35,254,32,40
16130 DATA 45,254,48,40,41,254,56,200,254,176
16140 DATA 200,254,104,200,254,216,200,201,122,203
16150 DATA 39,230,254,211,113,62,64,211,115,24
16160 DATA 202,11,120,177,40,10,126,35,211,113
16170 DATA 62,64,211,115,24,187,62,80,211,115
16180 DATA 120,177,201,120,177,200,62,96,211,115
16190 DATA 205,139,23,30,0,254,8,40,31,40
16200 DATA 29,254,88,40,38,254,80,40,36,254
16210 DATA 64,40,37,254,72,40,56,254,56,200
16220 DATA 254,176,200,254,104,200,254,216,200,201
16230 DATA 122,203,39,246,1,211,113,62,64,211
16240 DATA 115,24,203,30,1,219,113,119,35,11
16250 DATA 120,177,40,19,123,254,1,40,14,120
16260 DATA 129,254,1,62,64,40,2,62,192,211
16270 DATA 115,24,173,62,80,211,115,120,177,201
16280 DATA 83,117,110,100,97,121,0,77,111,110
16290 DATA 100,97,121,0,84,117,101,115,100,97
16300 DATA 121,0,87,101,100,110,101,115,100,97
16310 DATA 121,0,84,104,117,114,115,100,97,121
16320 DATA 0,70,114,105,100,97,121,0,83,97
16330 DATA 116,117,114,100,97,121,0,136,24,143
16340 DATA 24,150,24,158,24,168,24,177,24,184
16350 DATA 24,82,84,67,32,69,82,82,32,79
16360 DATA 78,32,82,69,67,86,10,13,0,82
16370 DATA 84,67,32,69,82,82,32,79,78,32
16380 DATA 83,69,78,68,10,13,0,123,197,205
16390 DATA 196,6,193,121,205,196,6,33,225,24
16400 DATA 205,177,14,201,121,205,196,6,33,207
16410 DATA 24,205,177,14,55,201,175,6,20,33
16420 DATA 138,254,119,35,16,252,201,100,100,47
16430 DATA 109,109,47,121,121,32,119,32,104,104
16440 DATA 58,109,109,58,115,115,33,27,25,17
16450 DATA 160,254,1,17,0,237,176,201,33,138
16460 DATA 254,175,119,22,104,1,1,0,205,215
16470 DATA 23,194,243,24,33,138,254,22,104,1
16480 DATA 7,0,205,39,24,194,4,25,175,201
16490 DATA 17,138,254,175,18,19,33,177,254,205
16500 DATA 145,25,33,174,254,205,145,25,33,171
16510 DATA 254,205,145,25,33,169,254,205,145,25
16520 DATA 33,160,254,205,145,25,33,163,254,205
16530 DATA 145,25,33,166,254,205,145,25,62,0
16540 DATA 18,205,217,25,201,213,205,4,49,209
16550 DATA 205,149,47,125,18,19,201,17,138,254
16560 DATA 175,18,19,62,10,205,149,47,125,18
16570 DATA 19,62,34,205,149,47,125,18,19,62
16580 DATA 18,205,149,47,125,18,19,62,5,18
16590 DATA 19,62,18,205,149,47,125,18,19,62
16600 DATA 2,205,149,47,125,18,19,62,21,205
16610 DATA 149,47,125,18,19,175,18,33,138,254
16620 DATA 22,104,1,9,0,205,215,23,194,243
16630 DATA 24,1,255,255,205,18,48,1,255,255
16640 DATA 205,18,48,201,33,138,254,229,62,7
16650 DATA 119,35,122,119,225,22,104,1,2,0
16660 DATA 205,215,23,194,243,24,201,205,252,47
16670 DATA 38,0,201,6,7,33,138,254,126,254
16680 DATA 255,40,5,35,16,248,175,201,55,201
16690 DATA 205,16,25,205,58,25,216,205,17,26
16700 DATA 216,221,33,138,254,17,160,254,38,0
16710 DATA 221,110,4,205,11,26,62,47,18,19
16720 DATA 221,110,5,205,11,26,62,47,18,19
16730 DATA 221,110,6,205,11,26,62,32,18,19
16740 DATA 221,110,2,205,11,26,62,58,18,19
16750 DATA 221,110,1,205,11,26,62,58,18,19
16760 DATA 221,110,0,205,11,26,19,175,18,201
16770 DATA 22,0,15,48,2,203,226,15,48,2
16780 DATA 203,234,15,48,2,203,242,15,48,2
16790 DATA 203,250,123,15,48,2,203,194,58,137
16800 DATA 254,178,87,203,210,122,205,160,26,203
16810 DATA 146,122,205,160,26,201,213,229,33,138
16820 DATA 254,119,22,39,1,1,0,205,215,23
16830 DATA 225,209,201,30,0,24,2,30,1,87
16840 DATA 123,15,56,7,15,48,4,30,0,24
16850 DATA 14,122,203,63,203,63,203,63,203,63
16860 DATA 213,205,114,26,209,122,230,15,205,114
16870 DATA 26,201,62,3,30,2,205,183,26,1
16880 DATA 0,48,205,18,48,62,3,30,2,205
16890 DATA 183,26,1,0,48,205,18,48,62,3
16900 DATA 30,2,205,183,26,1,0,48,205,18
16910 DATA 48,62,2,30,2,205,183,26,1,0
16920 DATA 48,205,18,48,62,40,205,177,26,62
16930 DATA 2,50,135,254,205,62,27,205,89,27
16940 DATA 62,2,50,136,254,246,4,205,177,26
16950 DATA 1,0,48,205,18,48,205,220,27,201
16960 DATA 58,135,254,203,151,50,135,254,246,8
16970 DATA 205,177,26,201,58,135,254,203,215,50
16980 DATA 135,254,246,8,205,177,26,201,1,208
16990 DATA 7,197,205,78,47,193,13,226,79,27
17000 DATA 201,62,1,205,177,26,205,76,27,201
17010 DATA 126,254,0,200,205,181,26,35,24,246
17020 DATA 205,181,26,201,62,2,205,177,26,205
17030 DATA 76,27,201,0,64,20,84,6,0,75
17040 DATA 33,121,27,9,126,130,246,128,205,177
17050 DATA 26,201,58,135,254,203,143,50,135,254
17060 DATA 246,8,205,177,26,201,58,135,254,203
17070 DATA 207,50,135,254,246,8,205,177,26,201
17080 DATA 58,135,254,203,135,50,135,254,246,8
17090 DATA 205,177,26,201,58,135,254,203,199,50
17100 DATA 135,254,246,8,205,177,26,201,62,24
17110 DATA 205,177,26,201,62,28,205,177,26,201
17120 DATA 62,16,205,177,26,201,62,20,205,177
17130 DATA 26,201,62,8,50,137,254,205,160,26
17140 DATA 201,62,0,50,137,254,205,160,26,201
17150 DATA 14,3,62,4,203,39,203,39,203,39
17160 DATA 203,39,6,15,176,71,205,140,28,201
17170 DATA 245,205,190,28,14,0,205,140,28,241
17180 DATA 201,245,205,190,28,14,1,205,140,28
17190 DATA 241,201,245,205,190,28,14,2,205,140
17200 DATA 28,241,201,245,205,190,28,14,3,205
17210 DATA 140,28,241,201,15,229,245,6,4,205
17220 DATA 128,14,225,245,229,62,11,205,94,14
17230 DATA 33,248,31,17,0,128,183,237,90,193
17240 DATA 126,31,203,24,23,119,241,6,4,205
17250 DATA 94,14,225,201,229,6,4,205,128,14
17260 DATA 245,62,11,205,94,14,33,248,31,17
17270 DATA 0,128,183,237,90,126,203,127,40,4
17280 DATA 203,191,24,2,203,255,119,241,6,4
17290 DATA 205,94,14,225,201,50,74,255,201,58
17300 DATA 74,255,238,1,50,74,255,201,229,197
17310 DATA 6,4,205,128,14,193,245,197,62,11
17320 DATA 6,4,205,94,14,193,121,33,248,31
17330 DATA 17,0,128,183,237,90,119,35,120,119
17340 DATA 241,197,6,4,205,94,14,193,225,121
17350 DATA 203,71,194,13,30,195,89,32,229,6
17360 DATA 4,205,128,14,245,62,11,205,94,14
17370 DATA 33,248,31,17,0,128,183,237,90,126
17380 DATA 230,3,79,35,126,71,241,197,6,4
17390 DATA 205,94,14,193,225,121,201,205,190,28
17400 DATA 203,71,194,19,30,195,227,32,245,209
17410 DATA 254,31,220,13,29,40,6,205,0,29
17420 DATA 205,94,29,201,103,205,190,28,203,71
17430 DATA 124,194,171,30,195,125,33,245,213,205
17440 DATA 25,31,209,241,254,8,32,24,58,69
17450 DATA 255,254,0,200,61,50,69,255,213,241
17460 DATA 48,27,62,32,50,73,255,205,0,29
17470 DATA 175,201,254,10,200,254,13,32,17,205
17480 DATA 25,31,205,113,29,50,69,255,201,205
17490 DATA 220,30,122,50,73,255,175,201,205,146
17500 DATA 29,126,254,0,40,8,229,205,240,28
17510 DATA 225,35,24,243,205,180,29,201,245,229
17520 DATA 33,71,255,58,69,255,60,190,204,113
17530 DATA 29,50,69,255,225,241,201,33,72,255
17540 DATA 58,70,255,60,190,204,129,29,50,70
17550 DATA 255,175,201,205,190,28,203,71,202,128
17560 DATA 33,203,79,204,153,31,205,99,31,201
17570 DATA 58,63,255,60,50,63,255,254,1,192
17580 DATA 229,6,4,205,128,14,50,59,255,58
17590 DATA 74,255,31,62,8,48,2,62,12,205
17600 DATA 94,14,225,201,58,63,255,61,50,63
17610 DATA 255,254,0,192,229,6,4,58,59,255
17620 DATA 205,94,14,225,201,205,146,29,33,0
17630 DATA 54,17,0,144,1,0,10,237,176,205
17640 DATA 180,29,201,121,22,40,30,20,203,79
17650 DATA 40,4,22,80,30,40,122,50,71,255
17660 DATA 123,50,72,255,201,175,50,63,255,50
17670 DATA 59,255,62,11,50,67,255,62,4,50
17680 DATA 68,255,205,219,29,175,50,69,255,50
17690 DATA 70,255,201,205,241,29,205,201,29,58
17700 DATA 71,255,103,58,72,255,95,205,244,49
17710 DATA 229,205,146,29,205,190,28,193,203,79
17720 DATA 40,14,33,0,128,62,32,119,17,1
17730 DATA 128,237,176,195,93,30,33,0,128,17
17740 DATA 0,132,195,77,30,205,146,29,1,32
17750 DATA 3,33,0,128,17,0,132,62,32,119
17760 DATA 197,205,114,30,193,18,35,19,11,120
17770 DATA 177,32,240,175,50,69,255,50,70,255
17780 DATA 205,180,29,201,203,32,203,32,203,32
17790 DATA 203,32,176,201,58,68,255,71,58,67
17800 DATA 255,205,104,30,201,245,230,15,50,67
17810 DATA 255,241,203,39,203,39,203,39,203,39
17820 DATA 230,15,50,68,255,201,245,58,70,255
17830 DATA 103,58,71,255,95,205,244,49,17,0
17840 DATA 128,25,22,0,58,69,255,95,25,241
17850 DATA 201,229,245,205,146,29,205,146,30,241
17860 DATA 119,229,205,190,28,203,79,225,32,8
17870 DATA 17,0,4,25,205,114,30,119,225,205
17880 DATA 180,29,201,245,205,146,29,205,146,30
17890 DATA 17,0,4,25,241,119,205,180,29,201
17900 DATA 205,190,28,203,71,32,7,22,147,58
17910 DATA 68,255,95,201,205,146,29,205,146,30
17920 DATA 126,245,205,190,28,254,3,209,40,10
17930 DATA 122,17,0,4,25,87,126,95,24,2
17940 DATA 30,0,98,107,205,180,29,84,93,201
17950 DATA 187,200,123,15,15,15,15,205,203,30
17960 DATA 201,205,190,28,203,71,40,4,203,79
17970 DATA 40,5,58,73,255,24,10,205,220,30
17980 DATA 205,114,30,205,14,31,201,205,0,29
17990 DATA 201,205,220,30,213,205,190,28,209,203
18000 DATA 79,32,19,203,71,40,11,205,114,30
18010 DATA 15,15,15,15,205,14,31,201,62,147
18020 DATA 24,9,122,254,147,200,50,73,255,62
18030 DATA 147,205,0,29,201,205,146,29,58,71
18040 DATA 255,38,0,111,17,0,128,25,229,213
18050 DATA 103,58,72,255,61,95,205,244,49,68
18060 DATA 77,209,225,197,237,176,209,33,0,128
18070 DATA 25,58,71,255,71,62,32,119,35,16
18080 DATA 252,205,180,29,58,72,255,61,201,205
18090 DATA 146,29,33,40,132,17,0,132,1,248
18100 DATA 2,237,176,205,114,30,33,248,134,6
18110 DATA 40,119,35,16,252,205,180,29,201,58
18120 DATA 63,255,60,50,63,255,254,1,192,229
18130 DATA 6,2,205,128,14,50,59,255,6,3
18140 DATA 205,128,14,50,60,255,58,74,255,31
18150 DATA 56,16,62,8,6,2,205,94,14,62
18160 DATA 9,6,3,205,94,14,225,201,62,12
18170 DATA 6,2,205,94,14,62,13,6,3,205
18180 DATA 94,14,225,201,58,63,255,60,50,63
18190 DATA 255,254,1,192,229,6,2,205,128,14
18200 DATA 50,59,255,6,3,205,128,14,50,60
18210 DATA 255,58,74,255,31,56,16,62,10,6
18220 DATA 2,205,94,14,62,11,6,3,205,94
18230 DATA 14,225,201,62,14,6,2,205,94,14
18240 DATA 62,15,6,3,205,94,14,225,201,58
18250 DATA 63,255,254,0,200,61,50,63,255,254
18260 DATA 0,192,229,6,2,58,59,255,205,94
18270 DATA 14,6,3,58,60,255,205,94,14,225
18280 DATA 201,205,241,29,205,227,32,175,201,245
18290 DATA 229,213,183,17,64,1,237,82,48,15
18300 DATA 209,213,235,17,200,0,237,82,48,5
18310 DATA 209,225,241,55,201,209,225,241,183,201
18320 DATA 205,97,32,208,229,245,123,254,102,56
18330 DATA 39,32,22,229,1,128,0,183,237,66
18340 DATA 71,124,183,120,225,32,23,62,103,17
18350 DATA 64,1,183,237,82,214,103,17,192,0
18360 DATA 183,237,90,245,205,248,31,241,24,5
18370 DATA 245,205,183,31,241,17,0,64,203,60
18380 DATA 203,29,25,229,17,160,0,205,0,50
18390 DATA 209,25,193,209,126,203,67,40,4,230
18400 DATA 240,24,10,203,0,203,0,203,0,203
18410 DATA 0,230,15,176,119,205,57,32,201,205
18420 DATA 183,31,33,0,64,17,1,64,1,255
18430 DATA 63,175,119,237,176,205,57,32,205,248
18440 DATA 31,33,0,64,17,1,64,1,255,60
18450 DATA 175,119,237,176,205,57,32,175,50,69
18460 DATA 255,50,70,255,201,197,18,19,11,103
18470 DATA 120,177,124,32,247,45,125,183,124,193
18480 DATA 32,239,201,229,245,123,254,102,56,37
18490 DATA 32,22,229,1,128,0,183,237,66,71
18500 DATA 124,183,120,225,32,21,62,103,17,64
18510 DATA 1,183,237,82,214,103,17,192,0,25
18520 DATA 245,205,248,31,241,24,5,245,205,183
18530 DATA 31,241,17,0,64,203,60,203,29,25
18540 DATA 17,160,0,205,0,50,193,209,126,203
18550 DATA 67,40,4,230,15,24,10,203,7,203
18560 DATA 7,203,7,203,7,230,15,245,205,57
18570 DATA 32,241,201,195,134,34,201,6,2,58
18580 DATA 63,255,60,50,63,255,254,1,192,229
18590 DATA 14,4,33,59,255,197,229,205,128,14
18600 DATA 225,119,35,4,13,32,245,193,14,4
18610 DATA 58,74,255,31,62,8,48,2,62,12
18620 DATA 197,205,94,14,193,60,4,13,32,246
18630 DATA 225,201,6,2,58,63,255,254,0,200
18640 DATA 61,50,63,255,254,0,192,229,33,59
18650 DATA 255,14,4,126,229,197,205,94,14,193
18660 DATA 225,4,35,13,32,243,225,201,62,80
18670 DATA 229,205,0,50,235,225,14,8,205,86
18680 DATA 50,25,17,0,64,25,79,62,7,145
18690 DATA 6,1,183,40,5,203,16,61,24,249
18700 DATA 120,201,245,229,213,183,17,128,2,237
18710 DATA 82,48,15,209,213,235,17,144,1,237
18720 DATA 82,209,225,48,3,241,55,201,241,175
18730 DATA 201,205,254,33,208,245,229,213,205,129
18740 DATA 33,209,225,205,220,33,209,95,58,68
18750 DATA 255,186,40,5,126,179,119,24,6,123
18760 DATA 47,95,126,163,119,205,184,33,201,205
18770 DATA 254,33,208,205,129,33,209,225,241,205
18780 DATA 220,33,95,126,163,254,0,40,2,62
18790 DATA 1,245,205,184,33,241,201,245,229,213
18800 DATA 205,190,28,209,225,241,229,213,221,33
18810 DATA 118,34,221,229,203,73,194,27,34,195
18820 DATA 128,32,209,225,201,213,205,190,28,209
18830 DATA 203,73,194,65,34,195,35,33,245,30
18840 DATA 8,58,69,255,103,205,244,49,229,30
18850 DATA 10,58,70,255,103,205,244,49,209,235
18860 DATA 241,229,213,183,33,0,54,22,0,95
18870 DATA 237,90,14,10,235,26,6,8,203,39
18880 DATA 103,56,5,58,68,255,24,3,58,67
18890 DATA 255,217,209,225,205,93,34,35,229,213
18900 DATA 217,124,16,230,217,209,225,6,0,14
18910 DATA 8,183,237,66,19,229,213,217,20,13
18920 DATA 32,209,209,225,201,103,58,70,255,245
18930 DATA 124,50,70,255,245,205,190,28,241,203
18940 DATA 73,6,78,32,2,6,38,62,32,197
18950 DATA 205,240,28,193,16,247,62,32,205,0
18960 DATA 29,175,50,69,255,241,50,70,255,201
18970 DATA 123,211,17,219,17,201,122,211,17,201
18980 DATA 122,211,16,201,175,211,16,205,16,35
18990 DATA 62,1,211,16,201,22,226,205,20,35
19000 DATA 22,35,205,16,35,22,2,205,16,35
19010 DATA 22,84,205,16,35,22,224,205,20,35
19020 DATA 22,1,205,16,35,6,10,205,78,47
19030 DATA 22,224,205,20,35,22,3,205,16,35
19040 DATA 6,10,205,78,47,22,1,205,20,35
19050 DATA 6,20,205,78,47,22,230,205,20,35
19060 DATA 22,3,205,16,35,22,51,205,16,35
19070 DATA 22,51,205,16,35,22,176,205,20,35
19080 DATA 22,32,205,16,35,22,0,205,16,35
19090 DATA 22,3,205,16,35,22,31,205,16,35
19100 DATA 22,1,205,16,35,22,223,205,16,35
19110 DATA 22,0,205,16,35,22,180,205,20,35
19120 DATA 22,4,205,16,35,22,31,205,16,35
19130 DATA 22,0,205,16,35,22,210,205,16,35
19140 DATA 22,0,205,16,35,22,0,205,16,35
19150 DATA 22,0,205,16,35,22,0,205,16,35
19160 DATA 22,182,205,20,35,22,2,205,16,35
19170 DATA 22,12,205,16,35,22,0,205,16,35
19180 DATA 22,34,205,16,35,22,0,205,16,35
19190 DATA 22,0,205,16,35,22,0,205,16,35
19200 DATA 22,184,205,20,35,22,15,205,16,35
19210 DATA 22,1,205,16,35,22,186,205,20,35
19220 DATA 22,1,205,16,35,22,54,205,20,35
19230 DATA 22,8,205,16,35,22,240,205,20,35
19240 DATA 22,6,205,16,35,6,5,205,78,47
19250 DATA 22,188,205,20,35,22,64,205,16,35
19260 DATA 22,128,205,16,35,22,64,205,16,35
19270 DATA 22,1,205,16,35,6,5,205,78,47
19280 DATA 22,53,205,20,35,22,0,205,16,35
19290 DATA 22,41,205,20,35,22,190,205,20,35
19300 DATA 22,6,205,16,35,22,240,205,16,35
19310 DATA 22,1,205,16,35,22,240,205,16,35
19320 DATA 22,0,205,16,35,22,0,205,16,35
19330 DATA 22,208,205,20,35,22,13,205,16,35
19340 DATA 33,0,0,229,229,33,31,3,229,33
19350 DATA 223,1,229,205,141,36,201,221,33,2
19360 DATA 0,221,57,22,42,205,20,35,221,86
19370 DATA 7,205,16,35,221,86,6,205,16,35
19380 DATA 221,86,3,205,16,35,221,86,2,205
19390 DATA 16,35,22,43,205,20,35,221,86,5
19400 DATA 205,16,35,221,86,4,205,16,35,221
19410 DATA 86,1,205,16,35,221,86,0,205,16
19420 DATA 35,22,44,205,20,35,209,33,8,0
19430 DATA 57,249,235,233,84,205,16,35,85,205
19440 DATA 16,35,201,22,46,205,20,35,205,13
19450 DATA 35,103,205,13,35,111,201,221,229,221
19460 DATA 33,4,0,221,57,221,102,3,221,110
19470 DATA 2,221,86,1,221,94,0,229,213,229
19480 DATA 213,205,141,36,205,227,36,229,205,66
19490 DATA 37,209,221,225,193,33,4,0,57,249
19500 DATA 235,197,201,221,33,2,0,221,57,221
19510 DATA 102,3,221,110,2,221,86,1,221,94
19520 DATA 0,229,213,229,213,205,141,36,42,1
19530 DATA 254,205,218,36,205,66,37,201,33,0
19540 DATA 0,229,229,33,31,3,229,33,223,1
19550 DATA 229,205,141,36,201,58,187,254,230,1
19560 DATA 40,10,217,209,217,205,230,39,217,213
19570 DATA 217,201,209,225,225,213,201,245,205,205
19580 DATA 38,241,245,209,254,8,40,13,254,10
19590 DATA 200,254,13,32,26,33,13,254,195,174
19600 DATA 38,33,13,254,126,254,1,200,53,213
19610 DATA 241,208,229,62,32,205,149,37,225,53
19620 DATA 201,245,50,16,254,58,22,254,254,5
19630 DATA 32,25,42,95,254,229,237,91,97,254
19640 DATA 213,1,7,0,9,229,1,9,0,235
19650 DATA 9,229,205,141,36,24,52,58,13,254
19660 DATA 6,8,22,0,95,33,0,0,183,237
19670 DATA 90,16,252,229,17,8,0,237,90,43
19680 DATA 229,205,35,38,6,10,22,0,95,33
19690 DATA 0,0,237,90,16,252,209,229,213,17
19700 DATA 10,0,237,90,43,229,205,141,36,241
19710 DATA 183,33,0,54,22,0,95,237,90,229
19720 DATA 209,14,10,26,6,8,203,39,56,5
19730 DATA 42,3,254,24,3,42,1,254,245,213
19740 DATA 205,218,36,209,241,16,235,20,13,32
19750 DATA 228,33,13,254,126,60,254,80,202,174
19760 DATA 38,119,201,58,15,254,87,58,14,254
19770 DATA 130,254,48,216,214,48,201,22,51,205
19780 DATA 20,35,22,0,205,16,35,22,0,205
19790 DATA 16,35,22,1,205,16,35,22,224,205
19800 DATA 16,35,22,0,205,16,35,22,0,205
19810 DATA 16,35,175,50,15,254,201,58,15,254
19820 DATA 60,254,48,56,2,214,48,50,15,254
19830 DATA 111,38,0,41,41,41,95,22,0,25
19840 DATA 25,22,55,205,20,35,84,205,16,35
19850 DATA 85,205,16,35,201,17,0,0,213,111
19860 DATA 38,0,41,41,41,95,22,0,25,25
19870 DATA 229,17,10,0,25,235,33,31,3,229
19880 DATA 213,205,141,36,1,64,31,42,3,254
19890 DATA 205,218,36,11,120,177,32,248,205,66
19900 DATA 37,201,175,119,35,126,60,254,48,40
19910 DATA 2,119,201,245,229,58,15,254,205,127
19920 DATA 38,205,89,38,225,241,61,119,175,50
19930 DATA 13,254,201,42,3,254,24,3,42,1
19940 DATA 254,229,58,13,254,6,8,22,0,95
19950 DATA 33,0,0,183,237,90,16,252,229,1
19960 DATA 8,0,237,74,43,229,205,35,38,6
19970 DATA 10,22,0,95,33,0,0,237,90,16
19980 DATA 252,14,8,6,0,237,74,209,229,213
19990 DATA 35,229,205,141,36,225,6,16,205,218
20000 DATA 36,16,251,201,205,66,37,42,3,254
20010 DATA 1,224,1,197,1,32,3,205,218,36
20020 DATA 11,120,177,32,248,193,11,120,177,32
20030 DATA 238,33,0,0,34,13,254,201,6,223
20040 DATA 14,2,197,6,31,14,4,205,218,36
20050 DATA 16,251,13,32,248,193,16,240,13,32
20060 DATA 237,33,0,0,34,13,254,201,126,254
20070 DATA 0,200,229,205,105,37,225,35,24,244
20080 DATA 175,149,111,159,148,103,201,42,121,254
20090 DATA 1,88,2,167,237,66,208,42,123,254
20100 DATA 237,91,129,254,25,124,254,128,208,17
20110 DATA 31,3,237,82,208,42,119,254,237,75
20120 DATA 121,254,120,177,40,8,235,197,225,41
20130 DATA 41,41,235,25,17,123,254,235,1,8
20140 DATA 0,237,176,42,121,254,35,34,121,254
20150 DATA 201,42,119,254,237,75,121,254,11,197
20160 DATA 120,177,40,8,235,197,225,41,41,41
20170 DATA 235,25,193,237,67,121,254,17,123,254
20180 DATA 1,8,0,237,176,42,125,254,34,113
20190 DATA 254,42,127,254,34,115,254,237,91,129
20200 DATA 254,237,83,117,254,42,123,254,167,25
20210 DATA 34,109,254,201,225,209,193,229,237,67
20220 DATA 107,254,237,83,109,254,237,115,133,254
20230 DATA 33,62,237,57,249,34,119,254,33,0
20240 DATA 0,34,121,254,42,107,254,229,42,109
20250 DATA 254,229,205,241,36,34,131,254,237,91
20260 DATA 1,254,167,237,82,202,160,41,42,107
20270 DATA 254,124,254,128,210,160,41,17,31,3
20280 DATA 167,237,82,210,160,41,42,109,254,124
20290 DATA 254,128,210,160,41,17,223,1,167,237
20300 DATA 82,210,160,41,42,109,254,34,123,254
20310 DATA 42,107,254,34,125,254,34,127,254,33
20320 DATA 1,0,34,129,254,205,103,39,42,109
20330 DATA 254,35,34,123,254,33,255,255,34,129
20340 DATA 254,205,103,39,237,91,121,254,122,179
20350 DATA 202,160,41,205,167,39,42,113,254,34
20360 DATA 107,254,124,254,128,210,166,40,237,91
20370 DATA 109,254,229,213,205,241,36,237,91,131
20380 DATA 254,167,237,82,194,166,40,237,91,107
20390 DATA 254,42,109,254,213,235,205,166,41,225
20400 DATA 43,34,107,254,24,212,42,107,254,237
20410 DATA 91,113,254,124,254,128,48,8,167,237
20420 DATA 82,210,94,41,237,90,35,34,111,254
20430 DATA 167,237,82,48,30,40,28,237,90,34
20440 DATA 125,254,42,109,254,34,123,254,27,237
20450 DATA 83,127,254,42,117,254,205,96,39,34
20460 DATA 129,254,205,103,39,42,113,254,35,34
20470 DATA 107,254,17,31,3,167,235,237,82,56
20480 DATA 37,235,229,42,109,254,229,205,241,36
20490 DATA 237,91,131,254,167,237,82,32,19,237
20500 DATA 91,107,254,42,109,254,213,235,205,166
20510 DATA 41,225,35,34,107,254,24,210,42,109
20520 DATA 254,34,123,254,42,111,254,34,125,254
20530 DATA 42,107,254,43,34,127,254,42,117,254
20540 DATA 34,129,254,205,103,39,42,107,254,237
20550 DATA 91,115,254,19,167,237,82,56,31,40
20560 DATA 29,42,109,254,34,123,254,237,83,125
20570 DATA 254,42,107,254,43,34,127,254,42,117
20580 DATA 254,205,96,39,34,129,254,205,103,39
20590 DATA 42,107,254,35,34,107,254,237,91,115
20600 DATA 254,167,235,237,82,56,28,25,235,229
20610 DATA 42,109,254,229,205,241,36,237,91,131
20620 DATA 254,167,237,82,40,9,42,107,254,35
20630 DATA 34,107,254,24,218,42,107,254,34,111
20640 DATA 254,237,91,115,254,167,235,237,82,235
20650 DATA 218,104,40,195,232,40,33,194,18,57
20660 DATA 249,201,197,221,229,58,187,254,230,1
20670 DATA 40,17,213,229,229,213,229,213,205,141
20680 DATA 36,42,1,254,205,218,36,225,209,58
20690 DATA 187,254,230,2,40,6,58,67,255,205
20700 DATA 93,34,221,225,193,201,205,20,39,205
20710 DATA 227,32,201,221,33,2,0,221,57,221
20720 DATA 102,5,221,110,4,221,86,3,221,94
20730 DATA 2,221,70,1,221,78,0,229,33,0
20740 DATA 128,183,237,66,48,10,175,145,79,159
20750 DATA 144,71,225,237,66,229,225,229,213,205
20760 DATA 166,41,209,225,35,11,121,176,32,243
20770 DATA 205,66,37,209,33,6,0,57,249,235
20780 DATA 233,221,33,2,0,221,57,221,102,5
20790 DATA 221,110,4,221,86,3,221,94,2,221
20800 DATA 70,1,221,78,0,229,33,0,128,183
20810 DATA 237,66,48,10,175,145,79,159,144,71
20820 DATA 235,237,66,235,225,229,213,205,166,41
20830 DATA 209,225,19,11,121,176,32,243,205,66
20840 DATA 37,209,33,6,0,57,249,235,233,221
20850 DATA 33,2,0,221,57,221,102,5,221,110
20860 DATA 4,221,86,1,221,94,0,183,237,82
20870 DATA 32,23,221,70,7,221,78,6,197,213
20880 DATA 221,102,3,221,110,2,237,66,229,205
20890 DATA 217,41,195,48,44,221,102,7,221,110
20900 DATA 6,221,86,3,221,94,2,183,237,82
20910 DATA 32,23,213,221,70,5,221,78,4,197
20920 DATA 221,102,1,221,110,0,237,66,229,205
20930 DATA 29,42,195,48,44,56,4,175,61,24
20940 DATA 13,213,225,221,86,7,221,94,6,183
20950 DATA 237,82,62,1,6,0,14,0,197,229
20960 DATA 254,1,40,2,6,255,79,197,221,102
20970 DATA 5,221,110,4,221,86,1,221,94,0
20980 DATA 183,237,82,56,4,175,61,24,15,213
20990 DATA 225,221,86,5,221,94,4,183,237,82
21000 DATA 6,0,62,1,254,1,40,2,6,255
21010 DATA 79,229,197,253,33,0,0,253,57,253
21020 DATA 86,7,253,94,6,183,237,82,218,163
21030 DATA 43,202,163,43,25,68,77,203,56,203
21040 DATA 25,33,0,0,237,66,253,116,9,253
21050 DATA 117,8,221,86,5,221,94,4,221,102
21060 DATA 7,221,110,6,213,221,229,229,213,205
21070 DATA 166,41,209,225,221,225,209,221,102,1
21080 DATA 221,110,0,237,82,202,43,44,253,70
21090 DATA 1,253,78,0,235,9,221,116,5,221
21100 DATA 117,4,253,86,9,253,94,8,253,102
21110 DATA 7,253,110,6,25,253,116,9,253,117
21120 DATA 8,235,33,0,128,237,82,56,179,253
21130 DATA 70,5,253,78,4,221,102,7,221,110
21140 DATA 6,9,221,116,7,221,117,6,253,102
21150 DATA 9,253,110,8,253,70,3,253,78,2
21160 DATA 237,66,253,116,9,253,117,8,195,44
21170 DATA 43,25,66,75,203,56,203,25,33,0
21180 DATA 0,237,66,253,116,9,253,117,8,221
21190 DATA 86,5,221,94,4,221,102,7,221,110
21200 DATA 6,229,221,229,229,213,205,166,41,209
21210 DATA 225,221,225,209,221,102,3,221,110,2
21220 DATA 237,82,40,83,235,253,70,5,253,78
21230 DATA 4,9,221,116,7,221,117,6,253,86
21240 DATA 9,253,94,8,253,102,3,253,110,2
21250 DATA 25,253,116,9,253,117,8,235,33,0
21260 DATA 128,237,82,56,180,253,70,1,253,78
21270 DATA 0,221,102,5,221,110,4,9,221,116
21280 DATA 5,221,117,4,253,102,9,253,110,8
21290 DATA 253,70,7,253,78,6,237,66,253,116
21300 DATA 9,253,117,8,195,181,43,33,10,0
21310 DATA 57,249,209,33,8,0,57,249,235,233
21320 DATA 225,213,213,213,213,213,229,221,33,2
21330 DATA 0,221,57,175,221,86,11,221,94,10
21340 DATA 221,114,1,221,115,0,33,1,0,221
21350 DATA 116,7,221,117,6,221,116,3,221,116
21360 DATA 2,237,82,221,116,9,221,117,8,235
21370 DATA 41,235,33,0,0,237,82,221,116,5
21380 DATA 221,117,4,221,102,13,221,110,12,229
21390 DATA 221,86,11,221,94,10,213,25,221,86
21400 DATA 15,221,94,14,213,235,205,166,41,209
21410 DATA 193,225,229,197,213,175,237,66,235,205
21420 DATA 166,41,225,193,209,213,197,229,175,237
21430 DATA 74,205,166,41,225,193,209,175,237,66
21440 DATA 205,166,41,221,102,3,221,110,2,221
21450 DATA 86,1,221,94,0,175,237,82,210,185
21460 DATA 45,25,229,213,33,0,0,175,221,126
21470 DATA 9,254,80,48,38,40,36,209,27,221
21480 DATA 114,1,221,115,0,213,221,102,5,221
21490 DATA 110,4,35,35,221,116,5,221,117,4
21500 DATA 221,86,9,221,94,8,25,221,116,9
21510 DATA 221,117,8,193,225,35,221,116,3,221
21520 DATA 117,2,229,221,102,7,221,110,6,35
21530 DATA 35,221,116,7,221,117,6,221,86,9
21540 DATA 221,94,8,25,221,116,9,221,117,8
21550 DATA 225,229,221,86,15,221,94,14,213,25
21560 DATA 235,221,102,13,221,110,12,9,235,205
21570 DATA 166,41,225,209,213,229,175,237,82,235
21580 DATA 221,102,13,221,110,12,9,235,205,166
21590 DATA 41,225,209,213,229,25,235,221,102,13
21600 DATA 221,110,12,175,237,66,235,205,166,41
21610 DATA 225,209,213,229,175,237,82,235,221,102
21620 DATA 13,221,110,12,175,237,66,235,205,166
21630 DATA 41,225,209,197,229,213,9,193,235,221
21640 DATA 102,13,221,110,12,9,235,205,166,41
21650 DATA 225,209,213,229,175,237,82,235,221,102
21660 DATA 13,221,110,12,9,235,205,166,41,225
21670 DATA 209,213,229,25,235,221,102,13,221,110
21680 DATA 12,175,237,66,229,235,205,166,41,193
21690 DATA 225,209,175,237,82,235,197,225,235,205
21700 DATA 166,41,195,179,44,205,66,37,209,33
21710 DATA 16,0,57,249,235,233,237,68,237,68
21720 DATA 237,68,237,68,237,68,237,68,237,68
21730 DATA 237,68,201,211,56,205,196,45,201,62
21740 DATA 159,205,213,45,62,191,205,213,45,62
21750 DATA 223,205,213,45,62,255,205,213,45,201
21760 DATA 205,219,45,175,50,193,255,175,33,173
21770 DATA 255,119,84,93,19,1,11,0,237,176
21780 DATA 201,245,230,3,7,7,7,7,7,180
21790 DATA 205,213,45,125,205,213,45,241,201,245
21800 DATA 62,2,14,0,205,64,46,62,2,205
21810 DATA 5,46,6,160,205,99,47,62,2,14
21820 DATA 4,205,64,46,241,201,33,7,131,205
21830 DATA 23,46,201,33,2,129,205,23,46,201
21840 DATA 7,60,95,121,254,4,62,15,40,9
21850 DATA 62,1,12,13,40,3,7,24,250,87
21860 DATA 62,128,203,3,203,3,203,3,203,3
21870 DATA 178,179,205,213,45,201,245,205,141,46
21880 DATA 71,58,193,255,176,50,193,255,241,14
21890 DATA 4,205,64,46,201,245,205,141,46,237
21900 DATA 68,61,71,58,193,255,160,50,193,255
21910 DATA 241,14,0,205,64,46,201,60,79,175
21920 DATA 60,13,200,7,24,251,245,33,173,255
21930 DATA 7,6,0,79,9,94,35,86,122,131
21940 DATA 183,40,75,241,245,205,141,46,79,58
21950 DATA 193,255,161,193,32,80,197,72,6,0
21960 DATA 33,189,255,9,126,60,40,50,61,52
21970 DATA 111,38,0,41,41,25,94,35,86,35
21980 DATA 78,35,70,237,67,190,254,193,197,33
21990 DATA 181,255,203,0,72,6,0,9,237,75
22000 DATA 190,254,113,35,112,122,193,254,10,56
22010 DATA 10,235,120,205,5,46,24,18,193,24
22020 DATA 17,254,3,48,7,79,120,205,64,46
22030 DATA 24,4,254,9,40,2,175,201,62,1
22040 DATA 201,33,181,255,79,6,0,9,9,78
22050 DATA 35,70,87,120,177,122,202,150,46,175
22060 DATA 201,33,181,255,6,4,94,35,86,122
22070 DATA 179,40,5,27,114,43,115,35,35,16
22080 DATA 241,201,6,4,14,0,5,120,197,205
22090 DATA 9,47,193,129,79,120,183,32,243,121
22100 DATA 254,4,201,201,245,213,27,209,241,201
22110 DATA 205,72,47,16,251,201,245,213,17,44
22120 DATA 1,27,122,179,32,251,209,241,201,6
22130 DATA 80,205,84,47,16,251,201,197,1,232
22140 DATA 3,197,205,84,47,193,11,120,177,32
22150 DATA 246,193,16,239,201,245,213,205,176,47
22160 DATA 209,205,214,47,241,201,183,71,230,240
22170 DATA 15,79,15,15,129,79,120,230,15,129
22180 DATA 201,38,255,36,214,100,48,251,198,100
22190 DATA 46,255,44,214,10,48,251,198,10,79
22200 DATA 125,7,7,7,7,177,111,201,1,0
22210 DATA 16,17,0,0,41,123,143,39,95,122
22220 DATA 143,39,87,121,143,39,79,16,241,235
22230 DATA 201,183,71,230,240,15,79,15,15,129
22240 DATA 79,120,230,15,129,201,121,205,3,48
22250 DATA 121,205,7,48,124,205,3,48,124,205
22260 DATA 7,48,125,205,3,48,125,24,26,31
22270 DATA 31,31,31,230,15,198,144,39,206,64
22280 DATA 39,18,19,201,125,205,237,47,125,24
22290 DATA 238,31,31,31,31,230,15,198,144,39
22300 DATA 206,64,39,18,19,201,245,237,68,237
22310 DATA 68,237,68,237,68,11,121,176,194,19
22320 DATA 48,241,201,38,0,111,30,0,22,0
22330 DATA 1,0,0,221,33,0,0,34,119,255
22340 DATA 237,83,121,255,237,67,123,255,221,34
22350 DATA 125,255,33,127,255,17,128,255,54,32
22360 DATA 1,18,0,237,176,237,67,146,255,30
22370 DATA 1,33,127,255,1,9,9,175,5,40
22380 DATA 41,43,182,40,249,13,23,48,252,31
22390 DATA 87,229,197,33,146,255,67,203,18,126
22400 DATA 143,39,119,43,16,249,48,3,28,54
22410 DATA 1,13,32,235,193,14,8,225,43,86
22420 DATA 16,225,33,147,255,75,183,237,66,84
22430 DATA 93,237,66,235,65,203,33,62,48,237
22440 DATA 111,254,48,32,6,13,19,24,4,237
22450 DATA 111,18,19,237,111,18,19,35,16,245
22460 DATA 237,66,201,235,33,127,255,205,186,48
22470 DATA 237,176,235,201,126,254,32,192,35,24
22480 DATA 249,6,8,111,203,21,31,16,251,201
22490 DATA 229,126,254,0,40,14,254,48,56,6
22500 DATA 254,58,56,9,254,57,246,1,225,201
22510 DATA 191,225,201,35,24,231,229,126,254,0
22520 DATA 40,20,254,48,56,12,254,58,56,15
22530 DATA 254,48,56,4,254,71,56,7,246,1
22540 DATA 225,201,191,225,201,35,24,225,175,205
22550 DATA 10,49,122,201,87,126,35,214,58,198
22560 DATA 10,208,95,122,135,135,130,135,131,24
22570 DATA 239,126,205,44,49,135,135,135,135,87
22580 DATA 35,126,205,44,49,178,35,201,214,48
22590 DATA 254,10,216,214,7,201,205,27,49,71
22600 DATA 205,27,49,79,201,126,35,214,48,203
22610 DATA 39,203,39,203,39,203,39,71,126,35
22620 DATA 214,48,176,201,79,205,93,49,119,35
22630 DATA 121,205,97,49,119,35,201,31,31,31
22640 DATA 31,246,240,39,198,160,206,64,201,34
22650 DATA 194,255,201,175,50,196,255,50,194,255
22660 DATA 50,195,255,201,58,194,255,71,58,195
22670 DATA 255,128,183,201,245,237,91,194,255,235
22680 DATA 58,196,255,79,6,0,9,235,241,201
22690 DATA 58,196,255,60,50,196,255,201,205,130
22700 DATA 49,205,146,49,126,18,35,19,183,200
22710 DATA 24,245,205,130,49,18,205,146,49,19
22720 DATA 175,18,201,38,0,111,245,17,197,255
22730 DATA 205,252,47,62,104,18,19,175,18,33
22740 DATA 197,255,205,177,14,205,8,15,241,201
22750 DATA 229,14,0,126,35,12,254,0,32,249
22760 DATA 13,225,121,184,200,120,145,216,71,62
22770 DATA 48,43,119,16,252,201,17,211,254,126
22780 DATA 18,254,0,200,19,35,24,247,22,0
22790 DATA 106,6,8,41,48,1,25,16,250,201
22800 DATA 46,0,6,8,41,135,48,1,25,16
22810 DATA 249,201,33,0,0,120,6,16,41,203
22820 DATA 33,23,48,1,25,16,247,201,213,121
22830 DATA 72,33,0,0,6,16,41,23,203,17
22840 DATA 48,7,25,206,0,210,49,50,12,16
22850 DATA 241,65,79,209,201,175,6,8,203,19
22860 DATA 23,145,48,1,129,16,247,71,123,23
22870 DATA 47,201,175,6,8,203,34,23,187,56
22880 DATA 2,147,20,16,246,201,175,6,16,41
22890 DATA 23,56,3,185,56,2,145,44,16,245
22900 DATA 201,33,0,0,120,6,8,23,237,106
22910 DATA 237,82,48,1,25,16,246,23,47,71
22920 DATA 121,72,6,8,23,237,106,237,82,48
22930 DATA 1,25,16,246,23,47,65,79,201,25
22940 DATA 217,237,90,217,201,17,64,0,125,108
22950 DATA 98,183,6,8,237,82,48,1,25,63
22960 DATA 203,18,135,237,106,135,237,106,16,240
22970 DATA 201,58,165,255,71,15,15,15,238,31
22980 DATA 128,222,255,50,165,255,201,14,0,6
22990 DATA 0,22,0,126,183,200,12,22,0,35
23000 DATA 20,120,186,48,1,66,126,183,32,245
23010 DATA 35,24,236,221,229,197,205,34,5,193
23020 DATA 221,225,201,58,168,255,7,7,7,7
23030 DATA 50,168,255,42,169,255,34,3,254,42
23040 DATA 171,255,34,1,254,201,254,0,40,5
23050 DATA 205,223,50,24,12,42,169,255,34,1
23060 DATA 254,42,171,255,34,3,254,58,168,255
23070 DATA 245,230,15,50,67,255,241,7,7,7
23080 DATA 7,230,15,50,68,255,201,254,0,200
23090 DATA 205,223,50,42,169,255,34,1,254,42
23100 DATA 171,255,34,3,254,201,245,229,213,205
23110 DATA 249,4,205,187,50,197,221,33,0,0
23120 DATA 221,57,197,205,114,30,193,245,42,1
23130 DATA 254,229,42,3,254,229,62,0,205,246
23140 DATA 50,33,211,254,229,4,54,139,35,54
23150 DATA 129,16,251,35,54,138,35,54,0,225
23160 DATA 205,213,50,6,1,221,102,5,221,110
23170 DATA 4,17,211,254,62,130,18,221,126,7
23180 DATA 184,62,32,32,2,62,197,19,18,14
23190 DATA 0,126,19,183,40,5,18,35,12,24
23200 DATA 246,229,197,221,126,1,145,71,254,0
23210 DATA 40,6,62,32,18,19,16,252,193,62
23220 DATA 130,18,19,175,18,221,86,3,221,126
23230 DATA 2,128,4,95,205,249,4,197,221,126
23240 DATA 7,60,184,62,0,32,1,60,245,205
23250 DATA 246,50,33,211,254,205,213,50,241,205
23260 DATA 31,51,193,225,35,126,183,32,158,221
23270 DATA 70,1,221,78,0,205,246,50,33,211
23280 DATA 254,229,54,137,4,35,54,129,16,251
23290 DATA 35,54,136,35,54,0,221,86,3,221
23300 DATA 126,2,129,60,95,205,249,4,225,205
23310 DATA 213,50,225,34,3,254,225,34,1,254
23320 DATA 241,205,125,30,193,209,225,241,201,229
23330 DATA 213,245,205,50,51,205,12,4,193,254
23340 DATA 11,32,11,120,254,1,197,40,242,241
23350 DATA 61,245,24,20,254,10,32,21,209,225
23360 DATA 229,213,197,205,187,50,241,185,245,40
23370 DATA 220,241,60,245,241,209,225,24,206,254
23380 DATA 13,197,32,207,193,120,209,225,201,0
23390 DATA 0,0,0,0,0,0,0,0,0,0
23400 DATA 0,0,0,0,0,0,0,0,0,0
23410 DATA 0,0,0,0,0,0,0,0,0,0
23420 DATA 0,0,0,0,0,0,0,0,0,0
23430 DATA 0,0,0,0,0,0,0,0,0,0
23440 DATA 0,0,0,0,0,0,0,0,0,0
23450 DATA 0,0,0,0,0,0,0,0,0,0
23460 DATA 0,0,0,0,0,0,0,0,0,0
23470 DATA 0,0,0,0,0,0,0,0,0,0
23480 DATA 0,0,0,0,0,0,0,0,0,0
23490 DATA 0,0,0,0,0,0,0,0,0,0
23500 DATA 0,0,0,0,0,0,0,0,0,0
23510 DATA 0,0,0,0,0,0,0,0,0,0
23520 DATA 0,0,0,0,0,0,0,0,0,0
23530 DATA 0,0,0,0,0,0,0,0,0,0
23540 DATA 0,0,0,0,0,0,0,0,0,0
23550 DATA 0,0,0,0,0,0,0,0,0,0
23560 DATA 0,0,0,0,0,0,0,0,0,0
23570 DATA 0,0,0,0,0,0,0,0,0,0
23580 DATA 0,0,0,0,0,0,0,0,0,0
23590 DATA 0,0,0,0,0,0,0,0,0,0
23600 DATA 0,0,0,0,0,0,0,0,0,0
23610 DATA 0,0,0,0,0,0,0,0,0,0
23620 DATA 0,0,0,0,0,0,0,0,0,0
23630 DATA 0,0,0,0,0,0,0,0,0,0
23640 DATA 0,0,0,0,0,0,0,0,0,0
23650 DATA 0,0,0,0,0,0,0,0,0,0
23660 DATA 0,0,0,0,0,0,0,0,0,0
23670 DATA 0,0,0,0,0,0,0,0,0,0
23680 DATA 0,0,0,0,0,0,0,0,0,0
23690 DATA 0,0,0,0,0,0,0,0,0,0
23700 DATA 0,0,0,0,0,0,0,0,0,0
23710 DATA 0,0,0,0,0,0,0,0,0,0
23720 DATA 0,0,0,0,0,0,0,0,0,0
23730 DATA 0,0,0,0,0,0,0,0,0,0
23740 DATA 0,0,0,0,0,0,0,0,0,0
23750 DATA 0,0,0,0,0,0,0,0,0,0
23760 DATA 0,0,0,0,0,0,0,0,0,0
23770 DATA 0,0,0,0,0,0,0,0,0,0
23780 DATA 0,0,0,0,0,0,0,0,0,0
23790 DATA 0,0,0,0,0,0,0,0,0,0
23800 DATA 0,0,0,0,0,0,0,0,0,0
23810 DATA 0,0,0,0,0,0,0,0,0,0
23820 DATA 0,0,0,0,0,240,15,255,0,240
23830 DATA 15,255,0,240,15,255,0,240,15,255
23840 DATA 0,240,15,255,0,240,15,255,0,240
23850 DATA 15,255,0,240,15,255,0,0,0,0
23860 DATA 0,0,0,0,0,0,0,0,0,0
23870 DATA 0,0,0,0,0,0,0,0,0,0
23880 DATA 0,0,0,0,0,0,0,0,0,0
23890 DATA 0,0,0,0,0,0,0,0,0,0
23900 DATA 0,0,0,0,0,0,0,0,0,0
23910 DATA 0,0,0,0,0,0,0,0,0,0
23920 DATA 0,0,0,0,0,0,0,0,0,0
23930 DATA 0,0,0,0,0,0,0,0,0,0
23940 DATA 0,0,0,0,0,0,0,0,0,0
23950 DATA 0,0,0,0,8,8,8,0,8,8
23960 DATA 8,8,0,0,8,8,0,0,128,1
23970 DATA 170,255,126,0,192,0,0,0,255,30
23980 DATA 128,2,240,3,0,0,0,0,0,0
23990 DATA 0,0,0,0,0,0,0,0,0,0
24000 DATA 0,0,0,0,0,0,0,0,0,0
24010 DATA 0,0,0,0,0,0,0,0,0,0
24020 DATA 0,0,0,0,0,0,0,0,0,16
24030 DATA 0,20,0,0,16,0,0,0,0,0
24040 DATA 0,16,0,20,0,0,16,0,20,0
24050 DATA 24,0,0,24,24,48,24,24,0,0
24060 DATA 0,0,0,0,0,0,0,0,0,0
24070 DATA 0,0,12,0,0,0,0,0,0,126
24080 DATA 0,240,15,255,0,240,15,255,0,240
24090 DATA 15,255,0,240,15,255,0,240,15,255
24100 DATA 0,240,15,255,0,240,15,255,0,240
24110 DATA 15,255,0,16,18,40,16,96,32,4
24120 DATA 16,16,16,0,0,0,0,0,56,16
24130 DATA 56,124,8,124,28,124,56,56,0,0
24140 DATA 8,0,32,56,60,24,124,60,124,126
24150 DATA 126,60,66,56,2,66,64,66,66,60
24160 DATA 124,60,124,60,254,66,66,66,68,68
24170 DATA 124,12,0,24,16,0,32,0,64,0
24180 DATA 4,0,8,0,64,0,0,64,16,0
24190 DATA 0,0,0,0,0,0,0,0,0,0
24200 DATA 0,0,0,16,16,16,0,124,0,0
24210 DATA 8,8,8,0,8,8,8,8,0,0
24220 DATA 8,8,0,0,192,3,170,255,126,0
24230 DATA 176,0,0,0,0,6,64,4,192,13
24240 DATA 124,0,0,0,56,0,0,0,0,0
24250 DATA 0,0,96,0,0,0,0,126,0,0
24260 DATA 0,56,0,0,0,0,0,60,56,56
24270 DATA 16,56,126,16,126,0,16,0,32,32
24280 DATA 96,8,16,8,32,40,40,40,8,32
24290 DATA 40,8,32,16,0,8,32,40,40,40
24300 DATA 8,32,40,40,40,0,66,60,24,24
24310 DATA 126,56,60,66,16,16,68,16,16,58
24320 DATA 0,62,0,0,4,254,0,0,16,126
24330 DATA 0,16,40,48,0,126,0,240,15,255
24340 DATA 0,240,15,255,0,240,15,255,0,240
24350 DATA 15,255,0,240,15,255,0,240,15,255
24360 DATA 0,240,15,255,0,240,15,255,0,16
24370 DATA 36,40,60,100,80,8,32,8,84,16
24380 DATA 0,0,0,4,68,48,68,4,24,64
24390 DATA 32,4,68,68,0,0,16,0,16,68
24400 DATA 66,36,66,66,34,64,64,66,66,16
24410 DATA 2,68,64,102,98,66,66,66,66,66
24420 DATA 16,66,66,66,68,68,4,8,64,8
24430 DATA 56,0,16,0,64,0,4,0,16,0
24440 DATA 64,16,16,64,16,0,0,0,0,0
24450 DATA 0,0,16,0,0,0,0,0,0,32
24460 DATA 16,8,0,124,0,0,8,8,8,0
24470 DATA 8,8,8,8,0,0,8,8,0,0
24480 DATA 224,7,170,255,126,126,140,0,0,0
24490 DATA 0,10,32,8,160,49,68,0,56,16
24500 DATA 64,0,0,0,0,0,124,0,16,0
24510 DATA 0,0,0,66,0,0,0,68,0,0
24520 DATA 0,0,124,66,16,16,16,68,34,40
24530 DATA 36,16,16,16,96,96,16,0,0,16
24540 DATA 16,0,0,0,16,16,0,16,16,40
24550 DATA 40,16,16,0,0,0,16,16,0,0
24560 DATA 0,0,98,66,36,36,64,16,66,66
24570 DATA 56,56,238,56,0,68,0,80,0,0
24580 DATA 8,130,16,68,24,144,0,40,40,72
24590 DATA 0,126,0,0,0,0,240,240,240,240
24600 DATA 15,15,15,15,255,255,255,255,0,0
24610 DATA 0,0,240,240,240,240,15,15,15,15
24620 DATA 255,255,255,255,0,16,72,124,80,8
24630 DATA 80,16,64,4,56,16,0,0,0,8
24640 DATA 76,16,4,8,40,120,64,8,68,68
24650 DATA 0,0,32,124,8,8,78,66,66,64
24660 DATA 34,64,64,64,66,16,2,72,64,90
24670 DATA 82,66,66,66,66,64,16,66,66,66
24680 DATA 40,40,8,8,32,8,84,0,8,56
24690 DATA 120,60,60,56,16,60,120,0,0,72
24700 DATA 16,236,120,56,120,60,92,60,56,68
24710 DATA 68,130,68,68,124,32,16,8,0,124
24720 DATA 0,0,8,8,8,0,8,8,8,8
24730 DATA 0,0,16,4,0,0,240,15,85,255
24740 DATA 126,126,130,0,24,24,0,18,18,144
24750 DATA 144,65,64,52,68,84,56,28,40,68
24760 DATA 88,16,32,36,16,68,68,56,124,0
24770 DATA 56,60,124,68,40,56,68,68,32,66
24780 DATA 124,146,40,130,16,40,36,32,16,8
24790 DATA 32,32,48,8,16,56,56,56,56,56
24800 DATA 56,56,56,0,0,0,0,56,56,56
24810 DATA 56,56,68,68,68,68,120,60,82,64
24820 DATA 32,66,64,16,66,66,84,124,254,124
24830 DATA 56,76,58,144,108,0,8,68,0,56
24840 DATA 36,144,108,68,40,48,0,126,0,0
24850 DATA 0,0,240,240,240,240,15,15,15,15
24860 DATA 255,255,255,255,0,0,0,0,240,240
24870 DATA 240,240,15,15,15,15,255,255,255,255
24880 DATA 0,16,0,40,56,16,32,0,64,4
24890 DATA 16,124,0,124,0,16,84,16,24,24
24900 DATA 72,4,120,16,56,60,0,0,64,0
24910 DATA 4,16,82,126,124,64,34,124,124,64
24920 DATA 126,16,2,112,64,90,74,66,124,66
24930 DATA 124,60,16,66,36,90,16,16,16,8
24940 DATA 16,8,16,0,0,4,68,64,68,68
24950 DATA 56,68,68,16,16,80,16,146,68,68
24960 DATA 68,68,96,64,16,68,68,130,40,68
24970 DATA 8,64,0,4,50,124,0,255,8,255
24980 DATA 255,255,248,15,248,15,248,15,224,3
24990 DATA 224,3,248,31,85,255,126,126,140,126
25000 DATA 36,60,0,32,10,160,8,49,64,72
25010 DATA 120,84,68,32,84,36,100,16,120,40
25020 DATA 40,68,36,68,40,24,68,72,16,124
25030 DATA 68,68,36,36,64,90,146,146,40,130
25040 DATA 8,68,36,124,16,124,44,36,20,8
25050 DATA 16,4,4,4,4,4,68,68,68,16
25060 DATA 16,16,16,68,68,68,68,68,68,68
25070 DATA 68,68,68,64,74,64,120,126,124,16
25080 DATA 66,66,254,254,254,254,4,84,76,252
25090 DATA 18,0,8,68,124,40,36,156,146,0
25100 DATA 40,0,0,126,0,0,0,0,240,240
25110 DATA 240,240,15,15,15,15,255,255,255,255
25120 DATA 0,0,0,0,240,240,240,240,15,15
25130 DATA 15,15,255,255,255,255,0,16,0,124
25140 DATA 20,32,84,0,64,4,56,16,0,0
25150 DATA 0,32,100,16,32,4,124,4,68,32
25160 DATA 68,4,16,16,32,124,8,16,78,66
25170 DATA 66,64,34,64,64,78,66,16,2,72
25180 DATA 64,66,70,66,64,74,72,2,16,66
25190 DATA 36,90,40,16,32,8,8,8,16,0
25200 DATA 0,124,68,64,68,124,16,68,68,16
25210 DATA 16,96,16,146,68,68,68,68,64,56
25220 DATA 16,68,40,146,16,68,16,32,16,8
25230 DATA 76,124,0,0,8,8,0,8,8,8
25240 DATA 0,0,8,8,0,0,16,4,252,63
25250 DATA 170,255,126,126,176,126,36,60,0,64
25260 DATA 6,192,4,13,64,72,68,84,68,24
25270 DATA 84,36,68,16,32,48,40,68,36,68
25280 DATA 40,0,68,72,16,68,84,64,40,36
25290 DATA 64,66,124,124,68,68,16,68,36,32
25300 DATA 84,8,50,44,108,8,32,124,124,124
25310 DATA 124,124,124,124,124,16,16,16,16,68
25320 DATA 68,68,68,68,68,68,68,68,68,64
25330 DATA 70,64,32,66,64,16,66,66,84,124
25340 DATA 124,214,124,100,84,144,254,0,8,40
25350 DATA 0,56,24,144,158,0,40,0,0,126
25360 DATA 0,0,0,0,240,240,240,240,15,15
25370 DATA 15,15,255,255,255,255,0,0,0,0
25380 DATA 240,240,240,240,15,15,15,15,255,255
25390 DATA 255,255,0,0,0,40,120,76,136,0
25400 DATA 32,8,84,16,0,0,0,64,68,16
25410 DATA 64,68,8,68,68,32,68,8,0,0
25420 DATA 16,0,16,0,64,66,66,66,34,64
25430 DATA 64,66,66,16,66,68,64,66,66,66
25440 DATA 64,68,68,66,16,66,36,102,68,16
25450 DATA 64,8,4,8,16,0,0,68,68,64
25460 DATA 68,64,16,68,68,16,16,80,16,146
25470 DATA 68,68,120,60,64,4,16,68,40,146
25480 DATA 40,68,32,32,16,8,0,124,0,0
25490 DATA 8,8,0,8,8,8,0,0,8,8
25500 DATA 0,0,8,8,254,127,170,255,126,126
25510 DATA 192,126,24,24,0,128,62,240,2,3
25520 DATA 64,72,68,84,68,32,84,40,68,16
25530 DATA 64,40,68,68,24,68,40,66,100,72
25540 DATA 16,68,84,64,16,36,64,66,16,16
25550 DATA 68,40,34,130,36,16,56,16,12,20
25560 DATA 20,8,68,68,68,68,68,68,64,64
25570 DATA 64,16,16,16,16,68,68,68,68,68
25580 DATA 68,68,68,68,68,64,66,66,32,66
25590 DATA 64,16,66,66,16,56,56,16,68,68
25600 DATA 100,144,144,0,8,40,16,68,8,144
25610 DATA 144,0,40,0,126,126,0,0,0,0
25620 DATA 0,0,0,0,0,0,0,0,0,0
25630 DATA 0,0,240,240,240,240,240,240,240,240
25640 DATA 240,240,240,240,240,240,240,240,0,16
25650 DATA 0,40,16,12,116,0,16,16,16,0
25660 DATA 16,0,16,0,56,56,124,56,8,56
25670 DATA 56,32,56,112,16,16,8,0,32,16
25680 DATA 60,66,124,60,124,126,64,60,66,56
25690 DATA 60,66,126,66,66,60,64,58,66,60
25700 DATA 16,60,24,66,68,16,124,12,0,24
25710 DATA 16,0,0,60,120,60,60,60,16,60
25720 DATA 68,24,16,72,24,146,68,56,64,4
25730 DATA 64,120,24,60,16,108,68,60,124,16
25740 DATA 16,16,0,124,0,0,8,8,0,8
25750 DATA 8,8,0,0,8,8,0,0,8,8
25760 DATA 255,255,85,255,126,126,0,126,0,0
25770 DATA 0,0,0,0,0,0,64,52,120,56
25780 DATA 56,28,56,16,68,8,56,36,68,120
25790 DATA 16,56,36,126,88,48,8,56,40,56
25800 DATA 40,24,56,60,56,56,198,238,126,254
25810 DATA 102,0,16,0,16,30,30,8,56,60
25820 DATA 60,60,60,60,60,60,60,24,24,24
25830 DATA 24,56,56,56,56,56,60,60,60,60
25840 DATA 68,60,66,60,124,66,126,56,60,60
25850 DATA 56,16,16,56,60,184,184,158,110,0
25860 DATA 8,16,0,0,48,126,110,0,40,0
25870 DATA 126,126,0,0,0,0,0,0,0,0
25880 DATA 0,0,0,0,0,0,0,0,240,240
25890 DATA 240,240,240,240,240,240,240,240,240,240
25900 DATA 240,0,240,240,0,0,0,0,0,0
25910 DATA 0,0,0,0,0,0,32,0,0,0
25920 DATA 0,0,0,0,0,0,0,0,0,0
25930 DATA 0,32,0,0,0,0,0,0,0,0
25940 DATA 0,0,0,0,0,0,0,0,0,0
25950 DATA 0,0,0,0,0,0,0,0,0,0
25960 DATA 0,0,0,0,0,0,0,0,0,0
25970 DATA 0,0,0,0,0,4,0,0,16,0
25980 DATA 0,0,0,0,64,4,0,0,0,0
25990 DATA 0,0,0,4,0,0,0,0,0,0
26000 DATA 0,0,8,8,0,8,8,8,0,0
26010 DATA 8,8,0,0,8,8,255,255,85,255
26020 DATA 126,126,0,126,0,0,0,0,0,0
26030 DATA 0,0,0,0,64,16,0,0,16,16
26040 DATA 4,0,4,0,0,64,0,0,0,0
26050 DATA 64,0,0,0,0,4,72,0,4,0
26060 DATA 0,0,0,0,0,0,0,0,0,0
26070 DATA 30,4,4,0,0,0,0,0,0,0
26080 DATA 0,0,0,0,0,0,0,0,0,0
26090 DATA 0,0,0,0,0,0,0,8,0,8
26100 DATA 0,0,0,0,0,0,0,0,0,0
26110 DATA 0,0,0,0,0,126,16,0,0,0
26120 DATA 0,0,0,0,0,0,126,0,0,0
26130 DATA 0,0,0,0,0,0,0,0,0,0
26140 DATA 0,0,0,0,240,240,240,240,240,240
26150 DATA 240,240,240,240,240,240,240,0,240,240
26160 DATA 0,0,0,0,0,0,0,0,0,0
26170 DATA 0,0,0,0,0,0,0,0,0,0
26180 DATA 0,0,0,0,0,0,0,0,0,0
26190 DATA 0,0,0,0,0,0,0,0,0,0
26200 DATA 0,0,0,0,0,0,0,0,0,0
26210 DATA 0,0,0,0,0,0,0,0,0,0
26220 DATA 0,0,0,124,0,0,0,0,0,0
26230 DATA 0,56,0,0,48,0,0,0,0,0
26240 DATA 64,4,0,0,0,0,0,0,0,56
26250 DATA 0,0,0,0,0,0,0,0,8,8
26260 DATA 0,8,8,8,0,0,8,8,0,0
26270 DATA 8,8,255,255,85,255,126,126,0,126
26280 DATA 0,0,0,0,0,0,0,0,0,0
26290 DATA 64,16,0,0,16,16,4,0,24,0
26300 DATA 0,64,0,0,0,0,64,0,0,0
26310 DATA 0,24,68,0,24,0,0,0,0,0
26320 DATA 0,0,0,0,0,0,0,0,0,0
26330 DATA 0,0,0,0,0,0,0,0,0,0
26340 DATA 0,0,0,0,0,0,0,0,0,0
26350 DATA 0,0,0,24,0,0,0,0,0,0
26360 DATA 0,0,0,0,0,0,0,0,0,0
26370 DATA 0,126,0,0,0,0,0,0,0,0
