10 Reserve top-0
20 For i=0 to 16383
30 Read a:poke 0+i,a
40 next i
50 ?"type CALL TOP to run your code."
100 END
10000 DATA 0,195,0,1,195,154,2,50,0,0
10010 DATA 0,0,0,0,0,0,0,0,0,0
10020 DATA 0,0,0,0,0,0,0,0,0,0
10030 DATA 0,0,0,0,0,0,0,0,0,0
10040 DATA 0,0,0,0,0,0,0,0,0,0
10050 DATA 0,0,0,0,0,0,195,239,10,0
10060 DATA 0,0,0,0,0,0,0,0,0,0
10070 DATA 0,0,0,0,0,0,0,0,0,0
10080 DATA 0,0,0,0,0,0,0,0,0,0
10090 DATA 0,0,0,0,0,0,0,0,0,0
10100 DATA 0,0,0,0,0,0,0,0,0,0
10110 DATA 0,0,0,0,0,0,0,0,0,0
10120 DATA 0,0,0,0,0,0,0,0,0,0
10130 DATA 0,0,0,0,0,0,0,0,0,0
10140 DATA 0,0,0,0,0,0,0,0,0,0
10150 DATA 0,0,0,0,0,0,0,0,0,0
10160 DATA 0,0,0,0,0,0,0,0,0,0
10170 DATA 0,0,0,0,0,0,0,0,0,0
10180 DATA 0,0,0,0,0,0,0,0,0,0
10190 DATA 0,0,0,0,0,0,0,0,0,0
10200 DATA 0,0,0,0,0,0,0,0,0,0
10210 DATA 0,0,0,0,0,0,0,0,0,0
10220 DATA 0,0,0,0,0,0,0,0,0,0
10230 DATA 0,0,0,0,0,0,0,0,0,0
10240 DATA 0,0,0,0,0,0,0,0,0,0
10250 DATA 0,0,0,0,0,0,243,195,212,1
10260 DATA 195,22,4,195,195,3,195,175,3,195
10270 DATA 214,29,195,120,3,195,42,3,195,9
10280 DATA 3,195,109,15,195,153,15,195,177,15
10290 DATA 195,58,16,195,208,15,195,226,15,195
10300 DATA 5,16,195,57,15,195,83,15,195,52
10310 DATA 15,195,34,15,195,173,37,195,230,18
10320 DATA 195,137,18,195,181,20,195,195,20,195
10330 DATA 102,20,195,138,20,195,153,20,195,167
10340 DATA 20,195,61,20,195,75,20,195,125,20
10350 DATA 195,221,20,195,227,20,195,111,20,195
10360 DATA 209,20,195,215,20,195,117,33,195,4
10370 DATA 34,195,112,28,195,219,35,195,210,28
10380 DATA 195,24,40,195,169,39,195,0,0,6
10390 DATA 5,14,0,62,0,237,121,14,0,62
10400 DATA 255,237,121,16,242,17,1,0,62,0
10410 DATA 79,33,0,64,6,8,119,78,185,194
10420 DATA 189,1,25,198,32,79,16,244,6,5
10430 DATA 14,8,62,64,237,121,198,128,237,121
10440 DATA 16,244,195,212,1,14,56,62,64,237
10450 DATA 121,195,189,1,62,1,205,172,11,201
10460 DATA 0,1,10,11,4,5,6,7,243,237
10470 DATA 86,14,0,175,6,0,237,121,60,6
10480 DATA 32,237,121,62,10,6,64,237,121,62
10490 DATA 11,6,96,237,121,62,4,6,128,237
10500 DATA 121,60,6,160,237,121,60,6,192,237
10510 DATA 121,60,6,224,237,121,62,7,211,64
10520 DATA 61,194,6,2,49,255,250,33,0,254
10530 DATA 175,119,35,124,181,32,249,205,117,11
10540 DATA 33,204,1,17,253,254,1,8,0,237
10550 DATA 176,62,36,50,106,255,205,180,4,205
10560 DATA 220,4,62,12,205,172,11,33,249,5
10570 DATA 205,212,11,205,17,17,205,136,18,205
10580 DATA 170,18,205,229,19,33,72,6,205,111
10590 DATA 20,205,235,14,33,48,6,205,212,11
10600 DATA 33,183,254,203,198,203,206,205,162,26
10610 DATA 33,0,0,34,3,254,33,255,255,34
10620 DATA 1,254,33,230,5,205,212,11,205,199
10630 DATA 30,175,50,15,254,62,0,50,13,254
10640 DATA 62,0,50,14,254,205,251,20,33,217
10650 DATA 5,205,212,11,205,100,12,205,22,11
10660 DATA 33,89,6,205,29,4,175,50,15,254
10670 DATA 33,48,5,205,212,11,33,15,6,205
10680 DATA 212,11,62,0,50,13,254,50,15,255
10690 DATA 62,6,50,14,254,50,16,255,33,8
10700 DATA 5,205,29,4,205,42,3,254,85,204
10710 DATA 50,4,254,88,202,41,4,254,83,204
10720 DATA 198,1,254,84,204,130,4,254,89,204
10730 DATA 152,4,254,72,204,167,4,254,74,204
10740 DATA 103,4,254,75,204,187,6,254,67,204
10750 DATA 22,4,254,66,202,248,2,195,154,2
10760 DATA 6,2,62,2,205,129,11,6,3,62
10770 DATA 3,205,129,11,195,0,64,213,205,215
10780 DATA 3,175,205,5,12,40,9,205,222,11
10790 DATA 205,72,3,209,55,201,205,86,12,40
10800 DATA 7,205,74,12,205,72,3,55,209,201
10810 DATA 205,215,3,175,205,5,12,40,8,205
10820 DATA 222,11,205,72,3,55,201,205,86,12
10830 DATA 40,234,205,74,12,205,72,3,55,201
10840 DATA 254,165,204,93,3,254,166,204,96,3
10850 DATA 254,167,204,99,3,254,168,204,102,3
10860 DATA 201,195,15,21,195,26,21,195,37,21
10870 DATA 195,48,21,122,50,13,254,50,15,255
10880 DATA 123,50,14,254,50,16,255,201,245,58
10890 DATA 183,254,230,1,40,5,241,245,205,220
10900 DATA 28,209,58,183,254,230,2,200,213,241
10910 DATA 205,146,21,201,229,58,183,254,230,1
10920 DATA 40,3,205,7,31,225,58,183,254,230
10930 DATA 1,40,248,58,183,254,230,2,200,205
10940 DATA 223,21,201,58,183,254,230,1,40,3
10950 DATA 205,133,30,58,183,254,230,2,200,205
10960 DATA 163,23,201,58,183,254,230,1,40,3
10970 DATA 205,128,30,58,183,254,230,2,200,205
10980 DATA 137,23,201,245,58,189,254,203,103,40
10990 DATA 17,58,17,254,203,79,32,28,203,207
11000 DATA 50,17,254,205,195,3,24,18,58,17
11010 DATA 254,203,79,40,11,203,143,50,17,254
11020 DATA 205,175,3,205,4,4,241,201,205,47
11030 DATA 19,216,22,0,30,1,205,138,20,33
11040 DATA 159,254,205,111,20,201,205,199,30,205
11050 DATA 150,22,201,126,254,0,200,229,205,120
11060 DATA 3,225,35,24,244,62,5,205,95,37
11070 DATA 42,186,254,233,243,205,222,11,111,205
11080 DATA 222,11,103,205,222,11,79,205,222,11
11090 DATA 71,34,186,254,58,187,254,254,128,220
11100 DATA 228,4,229,205,222,11,119,35,11,120
11110 DATA 177,32,246,205,220,4,62,5,205,95
11120 DATA 37,205,108,37,225,251,201,205,222,11
11130 DATA 111,205,222,11,103,205,222,11,79,205
11140 DATA 222,11,71,126,205,197,11,35,11,120
11150 DATA 177,32,246,201,0,6,10,197,205,222
11160 DATA 11,205,197,11,62,32,62,82,205,121
11170 DATA 37,193,16,239,175,201,0,6,255,197
11180 DATA 205,222,11,205,197,11,193,16,246,175
11190 DATA 201,0,6,255,197,120,205,197,11,193
11200 DATA 16,248,175,201,175,50,178,254,201,4
11210 DATA 175,55,23,16,253,47,71,58,178,254
11220 DATA 160,50,178,254,211,8,201,4,175,55
11230 DATA 23,16,253,71,58,178,254,176,50,178
11240 DATA 254,211,8,201,197,6,0,205,185,4
11250 DATA 193,201,197,6,0,205,203,4,193,201
11260 DATA 245,38,0,111,17,194,254,205,147,37
11270 DATA 62,10,18,19,62,13,18,19,175,18
11280 DATA 33,194,254,205,212,11,241,201,85,58
11290 DATA 85,80,32,74,58,68,78,32,88,58
11300 DATA 82,85,78,32,67,58,67,76,83,32
11310 DATA 66,58,66,65,83,73,67,32,75,58
11320 DATA 67,77,68,80,82,77,84,0,10,13
11330 DATA 85,58,85,80,76,79,65,68,32,74
11340 DATA 58,68,79,87,78,76,68,32,83,58
11350 DATA 49,49,53,75,66,80,83,32,88,58
11360 DATA 82,85,78,32,67,58,67,76,83,32
11370 DATA 66,58,66,65,83,73,67,32,75,58
11380 DATA 67,77,68,32,80,82,79,77,80,84
11390 DATA 10,13,0,76,67,68,32,73,78,73
11400 DATA 84,73,65,76,73,90,69,68,0,82
11410 DATA 83,50,51,50,32,73,78,73,84,0
11420 DATA 80,82,79,71,82,65,77,32,72,65
11430 DATA 76,84,69,68,0,87,65,73,84,73
11440 DATA 78,71,46,46,46,0,80,82,71,32
11450 DATA 84,82,65,78,83,70,69,82,69,68
11460 DATA 0,82,69,67,69,73,86,73,78,71
11470 DATA 46,46,46,0,80,82,71,32,69,88
11480 DATA 69,67,85,84,69,0,73,77,65,71
11490 DATA 69,32,67,79,80,89,0,83,67,82
11500 DATA 69,69,78,32,82,69,65,68,89,0
11510 DATA 67,76,69,65,82,73,78,71,32,83
11520 DATA 67,82,69,69,78,46,10,13,0,10
11530 DATA 13,82,83,50,51,50,32,73,78,73
11540 DATA 84,73,65,76,73,90,69,68,10,13
11550 DATA 0,10,13,87,65,73,84,73,78,71
11560 DATA 46,46,46,10,13,0,0,10,13,75
11570 DATA 69,89,32,80,82,69,83,83,69,68
11580 DATA 10,13,0,0,10,13,83,84,79,82
11590 DATA 65,71,69,32,73,78,73,84,73,65
11600 DATA 76,73,90,69,68,10,13,0,65,84
11610 DATA 76,65,83,32,79,83,32,86,69,82
11620 DATA 48,46,52,50,0,65,84,76,65,83
11630 DATA 32,77,111,100,117,108,97,114,32,90
11640 DATA 56,48,32,67,111,109,112,117,116,101
11650 DATA 114,10,13,79,112,101,114,97,116,105
11660 DATA 110,103,32,83,121,115,116,101,109,32
11670 DATA 86,101,114,115,105,111,110,32,48,46
11680 DATA 52,50,10,13,67,68,101,115,112,32
11690 DATA 50,48,50,48,45,50,50,10,13,82
11700 DATA 65,77,58,32,52,48,48,48,104,44
11710 DATA 84,79,80,58,32,70,65,48,48,104
11720 DATA 10,13,0,62,15,50,13,255,62,4
11730 DATA 50,14,255,58,13,254,103,58,14,254
11740 DATA 132,254,0,40,12,62,13,205,120,3
11750 DATA 175,50,13,254,50,15,255,62,35,205
11760 DATA 120,3,33,20,255,229,205,42,3,225
11770 DATA 254,0,40,247,254,32,48,40,229,245
11780 DATA 205,195,3,241,225,254,6,32,23,43
11790 DATA 58,15,255,254,1,32,5,33,20,255
11800 DATA 24,219,62,8,205,33,7,62,0,119
11810 DATA 24,209,254,13,40,18,24,203,205,33
11820 DATA 7,119,35,24,196,229,245,55,205,120
11830 DATA 3,241,225,201,205,33,7,175,119,33
11840 DATA 20,255,205,138,7,254,13,200,254,124
11850 DATA 200,235,33,153,7,26,205,145,7,190
11860 DATA 40,11,56,49,203,126,35,40,251,35
11870 DATA 35,24,238,213,19,35,26,205,145,7
11880 DATA 254,46,40,10,174,40,243,254,128,40
11890 DATA 3,209,24,226,241,19,203,126,35,40
11900 DATA 251,126,35,102,111,229,235,229,253,225
11910 DATA 195,138,7,62,254,205,176,8,66,97
11920 DATA 100,32,99,111,109,109,97,110,100,0
11930 DATA 126,254,32,192,35,24,249,230,127,254
11940 DATA 96,216,230,95,201,66,89,197,202,8
11950 DATA 67,196,139,9,67,76,211,205,8,68
11960 DATA 73,210,117,9,69,88,69,195,12,9
11970 DATA 76,67,68,95,66,76,73,78,75,79
11980 DATA 70,198,43,10,76,67,68,95,66,76
11990 DATA 73,78,75,79,206,49,10,76,67,68
12000 DATA 95,67,76,69,65,210,55,10,76,67
12010 DATA 68,95,67,85,82,83,79,82,65,212
12020 DATA 61,10,76,67,68,95,67,85,82,83
12030 DATA 79,70,198,90,10,76,67,68,95,67
12040 DATA 85,82,83,79,206,96,10,76,67,68
12050 DATA 95,68,73,83,80,79,70,198,102,10
12060 DATA 76,67,68,95,68,73,83,80,79,206
12070 DATA 108,10,76,67,68,95,72,79,77,197
12080 DATA 125,20,76,67,68,95,77,79,86,76
12090 DATA 69,70,212,120,10,76,67,68,95,77
12100 DATA 79,86,82,73,71,72,212,126,10,76
12110 DATA 67,68,95,80,82,73,78,212,132,10
12120 DATA 76,67,68,95,83,67,82,76,69,70
12130 DATA 212,141,10,76,67,68,95,83,67,82
12140 DATA 82,73,71,72,212,147,10,80,87,196
12150 DATA 199,8,82,69,83,69,212,211,8,82
12160 DATA 84,67,95,65,68,74,85,83,212,185
12170 DATA 9,82,84,67,95,71,69,212,231,9
12180 DATA 83,69,84,68,65,84,197,251,9,83
12190 DATA 69,84,76,67,196,196,10,83,69,84
12200 DATA 84,73,77,197,19,10,83,69,84,86
12210 DATA 71,193,153,10,84,89,80,197,150,9
12220 DATA 255,195,197,6,225,205,29,4,195,197
12230 DATA 6,205,176,8,83,121,110,116,97,120
12240 DATA 32,101,114,114,111,114,0,195,173,8
12250 DATA 195,154,2,205,22,4,195,173,8,195
12260 DATA 0,0,205,176,8,78,79,84,32,65
12270 DATA 32,86,65,76,73,68,32,72,69,88
12280 DATA 32,65,68,68,82,69,83,83,0,126
12290 DATA 254,0,40,20,254,46,40,3,35,24
12300 DATA 244,35,205,252,38,32,211,205,76,39
12310 DATA 96,105,175,201,55,201,205,125,9,43
12320 DATA 43,43,43,43,205,241,8,218,173,8
12330 DATA 229,205,177,15,225,56,67,229,84,93
12340 DATA 1,0,0,205,5,16,58,251,254,205
12350 DATA 208,15,201,253,229,225,205,138,7,229
12360 DATA 30,0,126,254,32,40,24,254,44,40
12370 DATA 20,254,47,40,16,254,58,40,12,254
12380 DATA 13,40,8,254,0,40,4,35,28,24
12390 DATA 227,229,253,225,225,201,205,49,9,205
12400 DATA 28,39,111,201,205,176,8,83,84,79
12410 DATA 82,65,71,69,32,69,82,82,79,82
12420 DATA 0,205,109,15,210,173,8,24,231,205
12430 DATA 49,9,6,0,75,17,207,254,237,176
12440 DATA 175,18,201,205,125,9,205,153,15,210
12450 DATA 173,8,24,206,205,125,9,205,177,15
12460 DATA 56,198,205,58,16,58,251,254,205,208
12470 DATA 15,195,173,8,205,92,9,205,173,37
12480 DATA 253,126,0,254,44,253,35,125,201,14
12490 DATA 0,17,138,254,175,50,138,254,19,197
12500 DATA 213,205,170,9,209,193,40,11,253,43
12510 DATA 71,121,254,6,40,8,195,183,8,12
12520 DATA 18,19,24,231,120,18,19,175,18,205
12530 DATA 230,18,195,173,8,205,47,19,33,158
12540 DATA 254,17,20,0,175,25,119,237,82,205
12550 DATA 29,4,195,173,8,205,47,19,253,229
12560 DATA 225,17,158,254,1,8,0,237,176,253
12570 DATA 33,158,254,205,185,9,195,173,8,205
12580 DATA 47,19,253,229,225,17,167,254,1,8
12590 DATA 0,237,176,253,33,158,254,205,185,9
12600 DATA 195,173,8,205,181,20,195,173,8,205
12610 DATA 195,20,195,173,8,205,102,20,195,173
12620 DATA 8,205,92,9,85,213,253,126,0,254
12630 DATA 44,40,4,209,195,183,8,253,35,205
12640 DATA 92,9,209,93,205,138,20,195,173,8
12650 DATA 205,153,20,195,173,8,205,167,20,195
12660 DATA 173,8,205,61,20,195,173,8,205,75
12670 DATA 20,195,173,8,205,125,20,195,173,8
12680 DATA 205,221,20,195,173,8,205,227,20,195
12690 DATA 173,8,205,49,9,205,111,20,195,173
12700 DATA 8,205,209,20,195,173,8,205,215,20
12710 DATA 195,173,8,205,49,9,126,254,79,194
12720 DATA 183,8,35,126,254,78,40,20,254,70
12730 DATA 194,183,8,35,126,254,70,194,183,8
12740 DATA 33,183,254,203,142,195,173,8,33,183
12750 DATA 254,203,206,195,173,8,205,49,9,126
12760 DATA 254,79,194,183,8,35,126,254,78,40
12770 DATA 20,254,70,194,183,8,35,126,254,70
12780 DATA 194,183,8,33,183,254,203,134,195,173
12790 DATA 8,33,183,254,203,198,195,173,8,229
12800 DATA 245,197,221,229,219,24,47,230,7,221
12810 DATA 33,89,255,6,0,79,203,33,221,9
12820 DATA 221,110,0,221,102,1,1,15,11,197
12830 DATA 233,221,225,193,241,225,251,201,243,33
12840 DATA 44,11,17,89,255,1,16,0,237,176
12850 DATA 14,64,6,8,237,65,16,252,251,201
12860 DATA 79,11,68,11,60,11,76,11,76,11
12870 DATA 76,11,76,11,76,11,79,205,60,12
12880 DATA 121,211,64,201,211,64,62,1,50,193
12890 DATA 254,201,211,64,201,211,64,33,189,254
12900 DATA 52,126,254,0,192,35,52,126,254,0
12910 DATA 192,35,52,126,254,0,192,35,52,126
12920 DATA 254,0,192,33,0,0,34,189,254,34
12930 DATA 191,254,201,33,253,254,6,8,175,119
12940 DATA 60,35,16,251,201,79,120,254,2,216
12950 DATA 254,7,200,33,253,254,22,0,95,25
12960 DATA 121,119,14,0,88,203,32,203,32,203
12970 DATA 32,203,32,203,32,237,121,67,201,33
12980 DATA 253,254,22,0,88,25,126,201,245,62
12990 DATA 128,211,35,241,211,32,62,0,211,33
13000 DATA 62,3,211,35,62,0,211,34,62,0
13010 DATA 211,33,201,205,203,11,211,32,201,245
13020 DATA 219,37,203,111,40,250,241,201,126,35
13030 DATA 254,0,200,205,197,11,24,246,243,62
13040 DATA 1,211,36,205,252,11,175,211,36,219
13050 DATA 32,251,201,62,1,211,36,219,37,203
13060 DATA 71,40,3,243,24,236,175,201,245,219
13070 DATA 37,203,71,40,250,241,201,219,37,203
13080 DATA 71,201,245,241,201,245,229,197,219,37
13090 DATA 203,103,40,4,62,66,24,26,203,87
13100 DATA 40,4,62,80,24,18,203,95,40,4
13110 DATA 62,70,24,10,203,79,40,4,62,79
13120 DATA 24,2,62,78,33,180,254,119,193,225
13130 DATA 241,201,33,107,255,54,1,219,120,201
13140 DATA 33,107,255,54,0,201,205,91,12,183
13150 DATA 200,50,108,255,205,91,13,201,58,107
13160 DATA 255,183,201,205,128,12,183,200,205,154
13170 DATA 12,201,205,119,12,219,120,205,124,12
13180 DATA 205,124,12,205,68,12,175,50,108,255
13190 DATA 201,62,2,211,120,201,175,211,120,201
13200 DATA 243,62,2,211,120,219,120,205,217,38
13210 DATA 79,175,211,120,211,120,121,251,6,30
13220 DATA 16,254,205,68,12,201,254,225,200,254
13230 DATA 240,200,254,224,200,254,170,200,79,58
13240 DATA 108,255,254,225,40,35,254,240,40,89
13250 DATA 254,224,40,33,121,254,18,204,55,13
13260 DATA 254,89,204,55,13,254,20,204,64,13
13270 DATA 254,17,204,73,13,254,88,204,82,13
13280 DATA 201,121,254,240,200,175,201,121,254,107
13290 DATA 200,254,114,200,254,116,200,254,117,200
13300 DATA 254,112,200,254,108,200,254,125,200,254
13310 DATA 122,200,254,105,200,254,113,200,254,102
13320 DATA 200,254,90,200,254,17,200,254,20,200
13330 DATA 254,74,200,254,240,32,0,175,201,121
13340 DATA 254,18,204,37,13,254,20,204,43,13
13350 DATA 254,17,204,49,13,254,89,204,37,13
13360 DATA 50,108,255,175,201,33,179,254,203,182
13370 DATA 201,33,179,254,203,190,201,33,179,254
13380 DATA 203,174,201,33,179,254,62,64,174,119
13390 DATA 175,201,33,179,254,62,128,174,119,175
13400 DATA 201,33,179,254,62,32,174,119,175,201
13410 DATA 33,179,254,62,16,174,119,175,201,254
13420 DATA 170,56,2,175,201,33,151,13,87,205
13430 DATA 145,13,71,254,97,56,4,254,123,56
13440 DATA 9,58,179,254,203,119,120,200,24,15
13450 DATA 58,179,254,79,203,31,203,31,169,203
13460 DATA 103,32,2,120,201,122,33,65,14,205
13470 DATA 145,13,201,6,0,79,9,126,201,0
13480 DATA 0,0,165,0,0,0,0,0,0,168
13490 DATA 166,0,0,96,0,0,0,0,0,0
13500 DATA 113,49,0,0,0,122,115,97,119,50
13510 DATA 0,0,99,120,100,101,52,51,0,0
13520 DATA 32,118,102,116,114,53,0,0,110,98
13530 DATA 104,103,121,54,0,0,44,109,106,117
13540 DATA 55,56,0,0,44,107,105,111,48,57
13550 DATA 0,0,46,47,108,59,112,45,0,0
13560 DATA 0,39,0,91,61,0,0,0,0,13
13570 DATA 93,0,92,0,0,0,0,0,0,0
13580 DATA 0,6,0,0,8,0,4,9,0,0
13590 DATA 0,1,7,10,0,3,11,27,0,0
13600 DATA 0,43,45,42,57,0,0,0,0,0
13610 DATA 167,0,0,0,0,0,0,0,0,0
13620 DATA 0,0,0,0,0,0,0,0,0,0
13630 DATA 0,0,0,0,0,0,0,0,0,0
13640 DATA 0,0,0,0,0,0,0,0,0,0
13650 DATA 0,0,165,0,0,0,0,0,0,168
13660 DATA 166,0,0,126,0,0,0,0,0,0
13670 DATA 81,33,0,0,0,90,83,65,87,64
13680 DATA 0,0,67,88,68,69,36,35,0,0
13690 DATA 32,86,70,84,82,37,0,0,78,66
13700 DATA 72,71,89,94,0,0,34,77,74,85
13710 DATA 38,42,0,0,60,75,73,79,41,40
13720 DATA 0,0,62,63,76,58,80,95,0,0
13730 DATA 0,34,0,123,43,0,0,0,0,13
13740 DATA 125,0,124,0,0,0,0,0,0,0
13750 DATA 0,6,0,0,8,0,4,9,0,0
13760 DATA 0,1,7,10,0,3,11,27,0,0
13770 DATA 0,43,45,42,57,0,0,0,0,0
13780 DATA 167,0,0,0,0,0,0,0,0,0
13790 DATA 0,0,0,0,0,0,0,0,0,0
13800 DATA 0,0,0,0,0,0,0,0,0,0
13810 DATA 0,0,0,0,0,0,0,0,0,62
13820 DATA 3,205,120,16,201,33,247,254,119,35
13830 DATA 229,175,6,3,119,35,16,252,225,201
13840 DATA 205,217,16,33,247,254,6,4,126,205
13850 DATA 168,16,35,16,249,201,62,1,205,241
13860 DATA 14,205,0,15,205,121,37,205,187,16
13870 DATA 254,201,63,201,245,62,13,205,241,14
13880 DATA 241,119,205,0,15,205,187,16,254,201
13890 DATA 63,201,245,62,12,24,3,245,62,9
13900 DATA 205,241,14,241,119,205,0,15,205,187
13910 DATA 16,103,205,187,16,111,205,187,16,254
13920 DATA 201,63,201,235,245,62,8,205,241,14
13930 DATA 241,119,35,114,35,115,205,0,15,205
13940 DATA 121,37,205,187,16,254,201,63,201,62
13950 DATA 10,205,241,14,205,0,15,205,121,37
13960 DATA 17,207,254,205,187,16,254,255,40,5
13970 DATA 205,120,3,24,244,205,121,37,205,187
13980 DATA 16,254,201,63,201,205,177,16,175,205
13990 DATA 168,16,201,62,11,205,241,14,205,0
14000 DATA 15,33,207,254,205,145,15,205,121,37
14010 DATA 205,187,16,254,201,63,201,245,62,2
14020 DATA 205,241,14,241,35,119,205,0,15,33
14030 DATA 207,254,205,145,15,205,121,37,205,187
14040 DATA 16,50,251,254,254,201,63,201,245,62
14050 DATA 3,205,241,14,241,119,205,0,15,205
14060 DATA 187,16,254,201,63,201,245,62,7,205
14070 DATA 241,14,241,119,35,120,119,35,121,119
14080 DATA 205,0,15,235,126,205,168,16,35,11
14090 DATA 120,177,32,246,205,187,16,254,201,63
14100 DATA 201,245,62,6,205,241,14,241,119,35
14110 DATA 120,119,35,121,119,205,0,15,205,121
14120 DATA 37,205,187,16,71,205,187,16,79,120
14130 DATA 177,40,19,197,205,187,16,18,19,11
14140 DATA 120,177,32,246,205,187,16,193,254,201
14150 DATA 63,201,24,246,245,62,6,205,241,14
14160 DATA 241,119,35,120,119,35,121,119,205,0
14170 DATA 15,205,121,37,205,187,16,71,205,187
14180 DATA 16,79,120,177,202,56,16,62,13,197
14190 DATA 205,120,3,193,205,187,16,197,205,120
14200 DATA 3,193,11,120,177,32,243,205,187,16
14210 DATA 254,201,63,201,24,247,245,62,128,211
14220 DATA 51,241,211,48,62,0,211,49,62,3
14230 DATA 211,51,62,0,211,50,62,0,211,49
14240 DATA 175,211,52,201,245,219,53,203,111,40
14250 DATA 250,241,201,245,219,54,203,103,32,2
14260 DATA 24,248,241,201,205,157,16,205,148,16
14270 DATA 211,48,201,126,35,254,0,200,205,168
14280 DATA 16,24,246,243,62,2,211,52,205,228
14290 DATA 16,175,211,52,219,48,251,201,62,2
14300 DATA 211,52,219,53,203,71,40,3,243,24
14310 DATA 236,175,201,6,10,205,202,16,16,251
14320 DATA 175,211,52,201,243,245,219,53,203,71
14330 DATA 40,250,241,251,201,219,53,203,71,201
14340 DATA 197,1,0,32,219,75,203,95,32,5
14350 DATA 11,120,177,32,245,193,219,72,201,219
14360 DATA 75,203,95,62,255,200,219,72,201,62
14370 DATA 1,211,72,62,224,211,74,62,64,211
14380 DATA 75,6,250,205,102,37,6,250,205,102
14390 DATA 37,62,6,211,72,62,0,211,74,62
14400 DATA 2,211,72,62,157,211,74,62,3,211
14410 DATA 72,62,134,211,74,201,62,96,211,75
14420 DATA 205,244,16,95,254,8,40,33,254,16
14430 DATA 40,29,254,40,40,38,254,24,40,35
14440 DATA 254,32,40,45,254,48,40,41,254,56
14450 DATA 200,254,176,200,254,104,200,254,216,200
14460 DATA 201,122,203,39,230,254,211,73,62,64
14470 DATA 211,75,24,202,11,120,177,40,10,126
14480 DATA 35,211,73,62,64,211,75,24,187,62
14490 DATA 80,211,75,120,177,201,120,177,200,62
14500 DATA 96,211,75,205,244,16,30,0,254,8
14510 DATA 40,31,40,29,254,88,40,38,254,80
14520 DATA 40,36,254,64,40,37,254,72,40,56
14530 DATA 254,56,200,254,176,200,254,104,200,254
14540 DATA 216,200,201,122,203,39,246,1,211,73
14550 DATA 62,64,211,75,24,203,30,1,219,73
14560 DATA 119,35,11,120,177,40,19,123,254,1
14570 DATA 40,14,120,129,254,1,62,64,40,2
14580 DATA 62,192,211,75,24,173,62,80,211,75
14590 DATA 120,177,201,83,117,110,100,97,121,0
14600 DATA 77,111,110,100,97,121,0,84,117,101
14610 DATA 115,100,97,121,0,87,101,100,110,101
14620 DATA 115,100,97,121,0,84,104,117,114,115
14630 DATA 100,97,121,0,70,114,105,100,97,121
14640 DATA 0,83,97,116,117,114,100,97,121,0
14650 DATA 241,17,248,17,255,17,7,18,17,18
14660 DATA 26,18,33,18,69,82,82,79,82,32
14670 DATA 79,78,32,82,69,67,69,73,86,73
14680 DATA 78,71,10,13,0,69,82,82,79,82
14690 DATA 32,79,78,32,83,69,78,68,73,78
14700 DATA 71,10,13,0,123,197,205,236,4,193
14710 DATA 121,205,236,4,33,77,18,205,212,11
14720 DATA 201,121,205,236,4,33,56,18,205,212
14730 DATA 11,55,201,175,6,20,33,138,254,119
14740 DATA 35,16,252,201,201,33,138,254,175,119
14750 DATA 22,104,1,1,0,205,64,17,194,96
14760 DATA 18,33,138,254,22,104,1,7,0,205
14770 DATA 144,17,194,113,18,175,201,201,17,138
14780 DATA 254,175,18,19,62,10,205,173,37,125
14790 DATA 18,19,62,34,205,173,37,125,18,19
14800 DATA 62,18,205,173,37,125,18,19,62,5
14810 DATA 18,19,62,18,205,173,37,125,18,19
14820 DATA 62,2,205,173,37,125,18,19,62,21
14830 DATA 205,173,37,125,18,19,175,18,33,138
14840 DATA 254,22,104,1,9,0,205,64,17,194
14850 DATA 96,18,1,255,255,205,42,38,1,255
14860 DATA 255,205,42,38,201,33,138,254,229,62
14870 DATA 7,119,35,122,119,225,22,104,1,2
14880 DATA 0,205,64,17,194,96,18,201,205,20
14890 DATA 38,38,0,201,6,7,33,138,254,126
14900 DATA 254,255,40,5,35,16,248,175,201,55
14910 DATA 201,205,125,18,205,137,18,216,205,30
14920 DATA 19,216,221,33,138,254,17,158,254,38
14930 DATA 0,221,110,4,205,24,19,62,47,18
14940 DATA 19,221,110,5,205,24,19,62,47,18
14950 DATA 19,221,110,6,205,24,19,62,32,18
14960 DATA 19,221,110,2,205,24,19,62,58,18
14970 DATA 19,221,110,1,205,24,19,62,58,18
14980 DATA 19,221,110,0,205,24,19,19,175,18
14990 DATA 201,22,0,15,48,2,203,226,15,48
15000 DATA 2,203,234,15,48,2,203,242,15,48
15010 DATA 2,203,250,123,15,48,2,203,194,58
15020 DATA 137,254,178,87,203,210,122,205,173,19
15030 DATA 203,146,122,205,173,19,201,213,229,33
15040 DATA 138,254,119,22,39,1,1,0,205,64
15050 DATA 17,225,209,201,30,0,24,2,30,1
15060 DATA 87,123,15,56,7,15,48,4,30,0
15070 DATA 24,14,122,203,63,203,63,203,63,203
15080 DATA 63,213,205,127,19,209,122,230,15,205
15090 DATA 127,19,201,62,3,30,2,205,196,19
15100 DATA 1,0,48,205,42,38,62,3,30,2
15110 DATA 205,196,19,1,0,48,205,42,38,62
15120 DATA 3,30,2,205,196,19,1,0,48,205
15130 DATA 42,38,62,2,30,2,205,196,19,1
15140 DATA 0,48,205,42,38,62,40,205,190,19
15150 DATA 62,2,50,135,254,205,75,20,205,102
15160 DATA 20,62,2,50,136,254,246,4,205,190
15170 DATA 19,1,0,48,205,42,38,205,233,20
15180 DATA 201,58,135,254,203,151,50,135,254,246
15190 DATA 8,205,190,19,201,58,135,254,203,215
15200 DATA 50,135,254,246,8,205,190,19,201,1
15210 DATA 208,7,197,205,102,37,193,13,226,92
15220 DATA 20,201,62,1,205,190,19,205,89,20
15230 DATA 201,126,254,0,200,205,194,19,35,24
15240 DATA 246,205,194,19,201,62,2,205,190,19
15250 DATA 205,89,20,201,0,64,20,84,6,0
15260 DATA 75,33,134,20,9,126,130,246,128,205
15270 DATA 190,19,201,58,135,254,203,143,50,135
15280 DATA 254,246,8,205,190,19,201,58,135,254
15290 DATA 203,207,50,135,254,246,8,205,190,19
15300 DATA 201,58,135,254,203,135,50,135,254,246
15310 DATA 8,205,190,19,201,58,135,254,203,199
15320 DATA 50,135,254,246,8,205,190,19,201,62
15330 DATA 24,205,190,19,201,62,28,205,190,19
15340 DATA 201,62,16,205,190,19,201,62,20,205
15350 DATA 190,19,201,62,8,50,137,254,205,173
15360 DATA 19,201,62,0,50,137,254,205,173,19
15370 DATA 201,14,3,62,4,203,39,203,39,203
15380 DATA 39,203,39,6,15,176,71,205,59,21
15390 DATA 201,245,205,109,21,14,0,205,59,21
15400 DATA 241,201,245,205,109,21,14,1,205,59
15410 DATA 21,241,201,245,205,109,21,14,2,205
15420 DATA 59,21,241,201,245,205,109,21,14,3
15430 DATA 205,59,21,241,201,229,197,6,4,205
15440 DATA 163,11,193,245,197,62,11,6,4,205
15450 DATA 129,11,193,121,33,248,31,17,0,128
15460 DATA 183,237,90,119,35,120,119,241,197,6
15470 DATA 4,205,129,11,193,225,121,203,71,194
15480 DATA 102,22,195,135,24,229,6,4,205,163
15490 DATA 11,245,62,11,205,129,11,33,248,31
15500 DATA 17,0,128,183,237,90,126,79,35,126
15510 DATA 71,241,197,6,4,205,129,11,193,225
15520 DATA 121,201,245,205,37,22,241,245,209,254
15530 DATA 31,220,183,21,40,6,205,170,21,205
15540 DATA 241,21,205,63,22,201,103,205,109,21
15550 DATA 203,71,124,194,56,23,195,126,25,254
15560 DATA 8,32,20,58,15,255,254,0,200,61
15570 DATA 50,15,255,213,241,208,62,32,205,170
15580 DATA 21,175,201,254,10,200,254,13,32,7
15590 DATA 205,4,22,50,15,255,201,175,201,205
15600 DATA 37,22,126,254,0,40,6,205,146,21
15610 DATA 35,24,245,205,63,22,201,245,229,33
15620 DATA 17,255,58,15,255,60,190,204,4,22
15630 DATA 50,15,255,225,241,201,33,18,255,58
15640 DATA 16,255,60,190,204,20,22,50,16,255
15650 DATA 175,201,205,109,21,203,71,202,156,25
15660 DATA 203,79,204,249,23,205,201,23,201,58
15670 DATA 9,255,60,50,9,255,254,1,192,229
15680 DATA 6,4,205,163,11,50,5,255,62,8
15690 DATA 205,129,11,225,201,58,9,255,61,50
15700 DATA 9,255,254,0,192,229,6,4,58,5
15710 DATA 255,205,129,11,225,201,205,37,22,33
15720 DATA 0,54,17,0,144,1,0,10,237,176
15730 DATA 205,63,22,201,175,50,9,255,50,5
15740 DATA 255,62,11,50,13,255,62,4,50,14
15750 DATA 255,121,22,40,30,20,254,1,40,4
15760 DATA 22,80,30,40,122,50,17,255,123,50
15770 DATA 18,255,175,50,15,255,50,16,255,205
15780 DATA 84,22,58,17,255,103,58,18,255,95
15790 DATA 205,129,39,229,205,37,22,205,109,21
15800 DATA 193,203,79,40,14,33,0,128,62,32
15810 DATA 119,17,1,128,237,176,195,230,22,33
15820 DATA 0,128,17,0,132,195,208,22,205,37
15830 DATA 22,1,32,3,33,0,128,17,0,132
15840 DATA 62,32,119,58,14,255,203,39,203,39
15850 DATA 203,39,203,39,18,35,19,11,120,177
15860 DATA 32,234,175,50,15,255,50,16,255,205
15870 DATA 63,22,201,58,13,255,71,58,14,255
15880 DATA 203,39,203,39,203,39,203,39,176,201
15890 DATA 245,230,15,50,13,255,241,203,39,203
15900 DATA 39,203,39,203,39,230,15,50,14,255
15910 DATA 201,245,6,0,58,16,255,79,33,0
15920 DATA 128,22,0,58,17,255,95,120,177,40
15930 DATA 4,25,11,24,248,6,0,58,15,255
15940 DATA 79,9,241,201,229,245,205,37,22,205
15950 DATA 23,23,241,119,229,205,109,21,203,79
15960 DATA 225,32,8,17,0,4,25,205,241,22
15970 DATA 119,225,205,63,22,201,245,205,37,22
15980 DATA 205,23,23,17,0,4,25,241,119,205
15990 DATA 63,22,201,205,37,22,205,23,23,126
16000 DATA 245,205,109,21,254,3,241,40,9,17
16010 DATA 0,4,25,87,126,95,24,3,87,30
16020 DATA 0,205,63,22,201,205,37,22,205,109
16030 DATA 21,203,79,40,5,58,19,255,24,4
16040 DATA 205,105,23,122,205,170,21,205,63,22
16050 DATA 201,205,37,22,205,105,23,213,205,109
16060 DATA 21,209,203,79,122,32,10,123,15,15
16070 DATA 15,15,205,88,23,24,8,50,19,255
16080 DATA 62,254,205,170,21,205,63,22,201,58
16090 DATA 17,255,38,0,111,17,0,128,25,229
16100 DATA 213,103,58,18,255,61,95,205,129,39
16110 DATA 68,77,209,225,197,237,176,209,33,0
16120 DATA 128,25,58,17,255,71,62,32,119,35
16130 DATA 16,252,58,18,255,61,201,33,40,132
16140 DATA 17,0,132,1,248,2,237,176,205,241
16150 DATA 22,33,248,134,6,40,119,35,16,252
16160 DATA 201,58,9,255,60,50,9,255,254,1
16170 DATA 192,229,6,2,205,163,11,50,5,255
16180 DATA 6,3,205,163,11,50,6,255,62,8
16190 DATA 6,2,205,129,11,62,9,6,3,205
16200 DATA 129,11,225,201,58,9,255,60,50,9
16210 DATA 255,254,1,192,229,6,2,205,163,11
16220 DATA 50,5,255,6,3,205,163,11,50,6
16230 DATA 255,62,10,6,2,205,129,11,62,11
16240 DATA 6,3,205,129,11,225,201,58,9,255
16250 DATA 254,0,200,61,50,9,255,254,0,192
16260 DATA 229,6,3,58,5,255,205,129,11,6
16270 DATA 4,58,6,255,205,129,11,225,201,205
16280 DATA 235,24,175,201,229,245,123,254,102,56
16290 DATA 39,32,22,229,1,128,0,183,237,66
16300 DATA 71,124,183,120,225,32,23,62,103,17
16310 DATA 64,1,183,237,82,214,103,17,192,0
16320 DATA 183,237,90,245,205,60,24,241,24,5
16330 DATA 245,205,17,24,241,17,0,64,203,60
16340 DATA 203,29,25,229,17,160,0,205,141,39
16350 DATA 209,25,193,209,126,203,67,40,4,230
16360 DATA 240,24,10,203,0,203,0,203,0,203
16370 DATA 0,230,15,176,119,205,103,24,201,205
16380 DATA 17,24,33,0,64,17,1,64,1,255
16390 DATA 63,175,119,237,176,205,103,24,205,60
16400 DATA 24,33,0,64,17,1,64,1,255,60
16410 DATA 175,119,237,176,205,103,24,201,197,18
16420 DATA 19,11,103,120,177,124,32,247,45,125
16430 DATA 183,124,193,32,239,201,229,245,123,254
16440 DATA 102,56,37,32,22,229,1,128,0,183
16450 DATA 237,66,71,124,183,120,225,32,21,62
16460 DATA 103,17,64,1,183,237,82,214,103,17
16470 DATA 192,0,25,245,205,60,24,241,24,5
16480 DATA 245,205,17,24,241,17,0,64,203,60
16490 DATA 203,29,25,17,160,0,205,141,39,193
16500 DATA 209,126,203,67,40,4,230,15,24,10
16510 DATA 203,7,203,7,203,7,203,7,230,15
16520 DATA 245,205,103,24,241,201,201,229,245,205
16530 DATA 37,22,241,119,229,205,109,21,203,79
16540 DATA 225,32,8,17,0,4,25,205,241,22
16550 DATA 119,225,205,63,22,201,201,6,2,58
16560 DATA 9,255,60,50,9,255,254,1,192,229
16570 DATA 14,4,33,5,255,197,229,205,163,11
16580 DATA 225,119,35,4,13,32,245,193,14,4
16590 DATA 62,8,197,205,129,11,193,60,4,13
16600 DATA 32,246,225,201,6,2,58,9,255,254
16610 DATA 0,200,61,50,9,255,254,0,192,229
16620 DATA 33,5,255,14,4,126,229,197,205,129
16630 DATA 11,193,225,4,35,13,32,243,225,201
16640 DATA 62,80,229,205,141,39,235,225,14,8
16650 DATA 205,227,39,25,17,0,64,25,6,1
16660 DATA 183,40,5,203,16,61,24,249,120,201
16670 DATA 245,229,213,183,17,128,2,237,82,48
16680 DATA 15,209,213,235,17,144,1,237,82,209
16690 DATA 225,48,3,241,55,201,241,175,201,205
16700 DATA 14,26,208,245,229,213,205,157,25,209
16710 DATA 225,205,240,25,209,95,122,183,40,5
16720 DATA 126,179,119,24,6,123,47,95,126,163
16730 DATA 119,205,204,25,201,205,14,26,208,205
16740 DATA 157,25,209,225,241,205,240,25,95,126
16750 DATA 163,254,0,40,2,62,1,245,205,204
16760 DATA 25,241,201,245,229,213,205,109,21,209
16770 DATA 225,241,203,73,194,43,26,195,140,24
16780 DATA 213,205,109,21,209,203,73,194,79,26
16790 DATA 195,36,25,123,211,17,219,17,201,122
16800 DATA 211,17,201,122,211,16,201,175,211,16
16810 DATA 205,143,26,62,1,211,16,201,22,226
16820 DATA 205,147,26,22,35,205,143,26,22,2
16830 DATA 205,143,26,22,84,205,143,26,22,224
16840 DATA 205,147,26,22,1,205,143,26,6,10
16850 DATA 205,102,37,22,224,205,147,26,22,3
16860 DATA 205,143,26,6,10,205,102,37,22,1
16870 DATA 205,147,26,6,20,205,102,37,22,230
16880 DATA 205,147,26,22,3,205,143,26,22,51
16890 DATA 205,143,26,22,51,205,143,26,22,176
16900 DATA 205,147,26,22,32,205,143,26,22,0
16910 DATA 205,143,26,22,3,205,143,26,22,31
16920 DATA 205,143,26,22,1,205,143,26,22,223
16930 DATA 205,143,26,22,0,205,143,26,22,180
16940 DATA 205,147,26,22,4,205,143,26,22,31
16950 DATA 205,143,26,22,0,205,143,26,22,210
16960 DATA 205,143,26,22,0,205,143,26,22,0
16970 DATA 205,143,26,22,0,205,143,26,22,0
16980 DATA 205,143,26,22,182,205,147,26,22,2
16990 DATA 205,143,26,22,12,205,143,26,22,0
17000 DATA 205,143,26,22,34,205,143,26,22,0
17010 DATA 205,143,26,22,0,205,143,26,22,0
17020 DATA 205,143,26,22,184,205,147,26,22,15
17030 DATA 205,143,26,22,1,205,143,26,22,186
17040 DATA 205,147,26,22,1,205,143,26,22,54
17050 DATA 205,147,26,22,8,205,143,26,22,240
17060 DATA 205,147,26,22,6,205,143,26,6,5
17070 DATA 205,102,37,22,188,205,147,26,22,64
17080 DATA 205,143,26,22,128,205,143,26,22,64
17090 DATA 205,143,26,22,1,205,143,26,6,5
17100 DATA 205,102,37,22,53,205,147,26,22,0
17110 DATA 205,143,26,22,41,205,147,26,22,190
17120 DATA 205,147,26,22,6,205,143,26,22,240
17130 DATA 205,143,26,22,1,205,143,26,22,240
17140 DATA 205,143,26,22,0,205,143,26,22,0
17150 DATA 205,143,26,22,208,205,147,26,22,13
17160 DATA 205,143,26,33,0,0,229,229,33,31
17170 DATA 3,229,33,223,1,229,205,12,28,201
17180 DATA 221,33,2,0,221,57,22,42,205,147
17190 DATA 26,221,86,7,205,143,26,221,86,6
17200 DATA 205,143,26,221,86,3,205,143,26,221
17210 DATA 86,2,205,143,26,22,43,205,147,26
17220 DATA 221,86,5,205,143,26,221,86,4,205
17230 DATA 143,26,221,86,1,205,143,26,221,86
17240 DATA 0,205,143,26,22,44,205,147,26,209
17250 DATA 33,8,0,57,249,235,233,84,205,143
17260 DATA 26,85,205,143,26,201,22,46,205,147
17270 DATA 26,205,140,26,103,205,140,26,111,201
17280 DATA 221,229,221,33,4,0,221,57,221,102
17290 DATA 3,221,110,2,221,86,1,221,94,0
17300 DATA 229,213,229,213,205,12,28,205,98,28
17310 DATA 229,205,193,28,209,221,225,193,33,4
17320 DATA 0,57,249,235,197,201,221,33,2,0
17330 DATA 221,57,221,102,3,221,110,2,221,86
17340 DATA 1,221,94,0,229,213,229,213,205,12
17350 DATA 28,42,1,254,205,89,28,205,193,28
17360 DATA 201,33,0,0,229,229,33,31,3,229
17370 DATA 33,223,1,229,205,12,28,201,217,209
17380 DATA 217,205,153,31,217,213,217,201,245,209
17390 DATA 254,8,40,13,254,10,200,254,13,32
17400 DATA 95,33,13,254,195,97,30,33,13,254
17410 DATA 126,254,1,200,53,213,241,208,229,62
17420 DATA 32,205,72,29,225,53,201,254,8,40
17430 DATA 13,254,10,200,254,13,32,58,33,13
17440 DATA 254,195,97,30,33,13,254,126,56,5
17450 DATA 254,1,200,53,201,254,1,40,10,53
17460 DATA 229,62,32,205,72,29,225,53,183,221
17470 DATA 33,2,0,221,57,221,102,1,221,110
17480 DATA 0,62,0,40,2,43,119,43,119,221
17490 DATA 116,1,221,117,0,201,245,50,16,254
17500 DATA 58,22,254,254,5,32,25,42,95,254
17510 DATA 229,237,91,97,254,213,1,7,0,9
17520 DATA 229,1,9,0,235,9,229,205,12,28
17530 DATA 24,52,58,13,254,6,8,22,0,95
17540 DATA 33,0,0,183,237,90,16,252,229,17
17550 DATA 8,0,237,90,43,229,205,214,29,6
17560 DATA 10,22,0,95,33,0,0,237,90,16
17570 DATA 252,209,229,213,17,10,0,237,90,43
17580 DATA 229,205,12,28,241,183,33,0,54,22
17590 DATA 0,95,237,90,229,209,14,10,26,6
17600 DATA 8,203,39,56,5,42,3,254,24,3
17610 DATA 42,1,254,245,213,205,89,28,209,241
17620 DATA 16,235,20,13,32,228,33,13,254,126
17630 DATA 60,254,80,202,97,30,119,201,58,15
17640 DATA 254,87,58,14,254,130,254,48,216,214
17650 DATA 48,201,22,51,205,147,26,22,0,205
17660 DATA 143,26,22,0,205,143,26,22,1,205
17670 DATA 143,26,22,224,205,143,26,22,0,205
17680 DATA 143,26,22,0,205,143,26,175,50,15
17690 DATA 254,201,58,15,254,60,254,48,56,2
17700 DATA 214,48,50,15,254,111,38,0,41,41
17710 DATA 41,95,22,0,25,25,22,55,205,147
17720 DATA 26,84,205,143,26,85,205,143,26,201
17730 DATA 17,0,0,213,111,38,0,41,41,41
17740 DATA 95,22,0,25,25,229,17,10,0,25
17750 DATA 235,33,31,3,229,213,205,12,28,1
17760 DATA 64,31,42,3,254,205,89,28,11,120
17770 DATA 177,32,248,205,193,28,201,175,119,35
17780 DATA 126,60,254,48,40,2,119,201,245,229
17790 DATA 58,15,254,205,50,30,205,12,30,225
17800 DATA 241,61,119,175,50,13,254,201,42,3
17810 DATA 254,24,3,42,1,254,229,58,13,254
17820 DATA 6,8,22,0,95,33,0,0,183,237
17830 DATA 90,16,252,229,1,8,0,237,74,43
17840 DATA 229,205,214,29,6,10,22,0,95,33
17850 DATA 0,0,237,90,16,252,14,8,6,0
17860 DATA 237,74,209,229,213,35,229,205,12,28
17870 DATA 225,6,16,205,89,28,16,251,201,205
17880 DATA 193,28,42,3,254,1,224,1,197,1
17890 DATA 32,3,205,89,28,11,120,177,32,248
17900 DATA 193,11,120,177,32,238,33,0,0,34
17910 DATA 13,254,201,6,223,14,2,197,6,31
17920 DATA 14,4,205,89,28,16,251,13,32,248
17930 DATA 193,16,240,13,32,237,33,0,0,34
17940 DATA 13,254,201,126,254,0,200,229,205,3
17950 DATA 29,225,35,24,244,175,149,111,159,148
17960 DATA 103,201,42,121,254,1,88,2,167,237
17970 DATA 66,208,42,123,254,237,91,129,254,25
17980 DATA 124,254,128,208,17,31,3,237,82,208
17990 DATA 42,119,254,237,75,121,254,120,177,40
18000 DATA 8,235,197,225,41,41,41,235,25,17
18010 DATA 123,254,235,1,8,0,237,176,42,121
18020 DATA 254,35,34,121,254,201,42,119,254,237
18030 DATA 75,121,254,11,197,120,177,40,8,235
18040 DATA 197,225,41,41,41,235,25,193,237,67
18050 DATA 121,254,17,123,254,1,8,0,237,176
18060 DATA 42,125,254,34,113,254,42,127,254,34
18070 DATA 115,254,237,91,129,254,237,83,117,254
18080 DATA 42,123,254,167,25,34,109,254,201,225
18090 DATA 209,193,229,237,67,107,254,237,83,109
18100 DATA 254,237,115,133,254,33,62,237,57,249
18110 DATA 34,119,254,33,0,0,34,121,254,42
18120 DATA 107,254,229,42,109,254,229,205,112,28
18130 DATA 34,131,254,237,91,1,254,167,237,82
18140 DATA 202,81,33,42,107,254,124,254,128,210
18150 DATA 81,33,17,31,3,167,237,82,210,81
18160 DATA 33,42,109,254,124,254,128,210,81,33
18170 DATA 17,223,1,167,237,82,210,81,33,42
18180 DATA 109,254,34,123,254,42,107,254,34,125
18190 DATA 254,34,127,254,33,1,0,34,129,254
18200 DATA 205,26,31,42,109,254,35,34,123,254
18210 DATA 33,255,255,34,129,254,205,26,31,237
18220 DATA 91,121,254,122,179,202,81,33,205,90
18230 DATA 31,42,113,254,34,107,254,124,254,128
18240 DATA 210,88,32,237,91,109,254,229,213,205
18250 DATA 112,28,237,91,131,254,167,237,82,194
18260 DATA 88,32,237,91,107,254,42,109,254,213
18270 DATA 205,87,33,225,43,34,107,254,24,213
18280 DATA 42,107,254,237,91,113,254,124,254,128
18290 DATA 48,8,167,237,82,210,15,33,237,90
18300 DATA 35,34,111,254,167,237,82,48,30,40
18310 DATA 28,237,90,34,125,254,42,109,254,34
18320 DATA 123,254,27,237,83,127,254,42,117,254
18330 DATA 205,19,31,34,129,254,205,26,31,42
18340 DATA 113,254,35,34,107,254,17,31,3,167
18350 DATA 235,237,82,56,36,235,229,42,109,254
18360 DATA 229,205,112,28,237,91,131,254,167,237
18370 DATA 82,32,18,237,91,107,254,42,109,254
18380 DATA 213,205,87,33,225,35,34,107,254,24
18390 DATA 211,42,109,254,34,123,254,42,111,254
18400 DATA 34,125,254,42,107,254,43,34,127,254
18410 DATA 42,117,254,34,129,254,205,26,31,42
18420 DATA 107,254,237,91,115,254,19,167,237,82
18430 DATA 56,31,40,29,42,109,254,34,123,254
18440 DATA 237,83,125,254,42,107,254,43,34,127
18450 DATA 254,42,117,254,205,19,31,34,129,254
18460 DATA 205,26,31,42,107,254,35,34,107,254
18470 DATA 237,91,115,254,167,235,237,82,56,28
18480 DATA 25,235,229,42,109,254,229,205,112,28
18490 DATA 237,91,131,254,167,237,82,40,9,42
18500 DATA 107,254,35,34,107,254,24,218,42,107
18510 DATA 254,34,111,254,237,91,115,254,167,235
18520 DATA 237,82,235,218,27,32,195,154,32,33
18530 DATA 194,18,57,249,201,197,221,229,213,229
18540 DATA 229,213,229,213,205,12,28,42,1,254
18550 DATA 205,89,28,225,209,58,13,255,205,107
18560 DATA 26,221,225,193,201,205,199,30,205,235
18570 DATA 24,201,221,33,2,0,221,57,221,102
18580 DATA 5,221,110,4,221,86,3,221,94,2
18590 DATA 221,70,1,221,78,0,229,33,0,128
18600 DATA 183,237,66,48,10,175,145,79,159,144
18610 DATA 71,225,237,66,229,225,229,213,205,87
18620 DATA 33,209,225,35,11,121,176,32,243,205
18630 DATA 193,28,209,33,6,0,57,249,235,233
18640 DATA 221,33,2,0,221,57,221,102,5,221
18650 DATA 110,4,221,86,3,221,94,2,221,70
18660 DATA 1,221,78,0,229,33,0,128,183,237
18670 DATA 66,48,10,175,145,79,159,144,71,225
18680 DATA 237,66,229,225,229,213,205,87,33,209
18690 DATA 225,19,11,121,176,32,243,205,193,28
18700 DATA 209,33,6,0,57,249,235,233,221,33
18710 DATA 2,0,221,57,221,102,5,221,110,4
18720 DATA 221,86,1,221,94,0,183,237,82,32
18730 DATA 23,221,70,7,221,78,6,197,213,221
18740 DATA 102,3,221,110,2,237,66,229,205,124
18750 DATA 33,195,211,35,221,102,7,221,110,6
18760 DATA 221,86,3,221,94,2,183,237,82,32
18770 DATA 23,213,221,70,5,221,78,4,197,221
18780 DATA 102,1,221,110,0,237,66,229,205,192
18790 DATA 33,195,211,35,56,4,175,61,24,13
18800 DATA 213,225,221,86,7,221,94,6,183,237
18810 DATA 82,62,1,6,0,14,0,197,229,254
18820 DATA 1,40,2,6,255,79,197,221,102,5
18830 DATA 221,110,4,221,86,1,221,94,0,183
18840 DATA 237,82,56,4,175,61,24,15,213,225
18850 DATA 221,86,5,221,94,4,183,237,82,6
18860 DATA 0,62,1,254,1,40,2,6,255,79
18870 DATA 229,197,253,33,0,0,253,57,253,86
18880 DATA 7,253,94,6,183,237,82,218,70,35
18890 DATA 202,70,35,25,68,77,203,56,203,25
18900 DATA 33,0,0,237,66,253,116,9,253,117
18910 DATA 8,221,86,5,221,94,4,221,102,7
18920 DATA 221,110,6,213,221,229,229,213,205,87
18930 DATA 33,209,225,221,225,209,221,102,1,221
18940 DATA 110,0,237,82,202,206,35,253,70,1
18950 DATA 253,78,0,235,9,221,116,5,221,117
18960 DATA 4,253,86,9,253,94,8,253,102,7
18970 DATA 253,110,6,25,253,116,9,253,117,8
18980 DATA 235,33,0,128,237,82,56,179,253,70
18990 DATA 5,253,78,4,221,102,7,221,110,6
19000 DATA 9,221,116,7,221,117,6,253,102,9
19010 DATA 253,110,8,253,70,3,253,78,2,237
19020 DATA 66,253,116,9,253,117,8,195,207,34
19030 DATA 25,66,75,203,56,203,25,33,0,0
19040 DATA 237,66,253,116,9,253,117,8,221,86
19050 DATA 5,221,94,4,221,102,7,221,110,6
19060 DATA 229,221,229,229,213,205,87,33,209,225
19070 DATA 221,225,209,221,102,3,221,110,2,237
19080 DATA 82,40,83,235,253,70,5,253,78,4
19090 DATA 9,221,116,7,221,117,6,253,86,9
19100 DATA 253,94,8,253,102,3,253,110,2,25
19110 DATA 253,116,9,253,117,8,235,33,0,128
19120 DATA 237,82,56,180,253,70,1,253,78,0
19130 DATA 221,102,5,221,110,4,9,221,116,5
19140 DATA 221,117,4,253,102,9,253,110,8,253
19150 DATA 70,7,253,78,6,237,66,253,116,9
19160 DATA 253,117,8,195,88,35,33,10,0,57
19170 DATA 249,209,33,8,0,57,249,235,233,225
19180 DATA 213,213,213,213,213,229,221,33,2,0
19190 DATA 221,57,175,221,86,11,221,94,10,221
19200 DATA 114,1,221,115,0,33,1,0,221,116
19210 DATA 7,221,117,6,221,116,3,221,116,2
19220 DATA 237,82,221,116,9,221,117,8,235,41
19230 DATA 235,33,0,0,237,82,221,116,5,221
19240 DATA 117,4,221,102,13,221,110,12,229,221
19250 DATA 86,11,221,94,10,213,25,221,86,15
19260 DATA 221,94,14,213,205,87,33,209,193,225
19270 DATA 229,197,213,175,237,66,205,87,33,225
19280 DATA 193,209,213,197,229,175,237,74,235,205
19290 DATA 87,33,225,193,209,175,237,66,235,205
19300 DATA 87,33,221,102,3,221,110,2,221,86
19310 DATA 1,221,94,0,175,237,82,210,84,37
19320 DATA 25,229,213,33,0,0,175,221,126,9
19330 DATA 254,80,48,38,40,36,209,27,221,114
19340 DATA 1,221,115,0,213,221,102,5,221,110
19350 DATA 4,35,35,221,116,5,221,117,4,221
19360 DATA 86,9,221,94,8,25,221,116,9,221
19370 DATA 117,8,193,225,35,221,116,3,221,117
19380 DATA 2,229,221,102,7,221,110,6,35,35
19390 DATA 221,116,7,221,117,6,221,86,9,221
19400 DATA 94,8,25,221,116,9,221,117,8,225
19410 DATA 229,221,86,15,221,94,14,213,25,235
19420 DATA 221,102,13,221,110,12,9,205,87,33
19430 DATA 225,209,213,229,175,237,82,235,221,102
19440 DATA 13,221,110,12,9,205,87,33,225,209
19450 DATA 213,229,25,235,221,102,13,221,110,12
19460 DATA 175,237,66,205,87,33,225,209,213,229
19470 DATA 175,237,82,235,221,102,13,221,110,12
19480 DATA 175,237,66,205,87,33,225,209,197,229
19490 DATA 213,9,193,235,221,102,13,221,110,12
19500 DATA 9,205,87,33,225,209,213,229,175,237
19510 DATA 82,235,221,102,13,221,110,12,9,205
19520 DATA 87,33,225,209,213,229,25,235,221,102
19530 DATA 13,221,110,12,175,237,66,229,205,87
19540 DATA 33,193,225,209,175,237,82,235,197,225
19550 DATA 205,87,33,195,86,36,205,193,28,209
19560 DATA 33,16,0,57,249,235,233,201,245,213
19570 DATA 27,209,241,201,205,96,37,16,251,201
19580 DATA 245,213,17,44,1,27,122,179,32,251
19590 DATA 209,241,201,6,80,205,108,37,16,251
19600 DATA 201,197,1,232,3,197,205,108,37,193
19610 DATA 11,120,177,32,246,193,16,239,201,245
19620 DATA 213,205,200,37,209,205,238,37,241,201
19630 DATA 183,71,230,240,15,79,15,15,129,79
19640 DATA 120,230,15,129,201,38,255,36,214,100
19650 DATA 48,251,198,100,46,255,44,214,10,48
19660 DATA 251,198,10,79,125,7,7,7,7,177
19670 DATA 111,201,1,0,16,17,0,0,41,123
19680 DATA 143,39,95,122,143,39,87,121,143,39
19690 DATA 79,16,241,235,201,183,71,230,240,15
19700 DATA 79,15,15,129,79,120,230,15,129,201
19710 DATA 121,205,27,38,121,205,31,38,124,205
19720 DATA 27,38,124,205,31,38,125,205,27,38
19730 DATA 125,24,26,31,31,31,31,230,15,198
19740 DATA 144,39,206,64,39,18,19,201,125,205
19750 DATA 5,38,125,24,238,31,31,31,31,230
19760 DATA 15,198,144,39,206,64,39,18,19,201
19770 DATA 245,237,68,237,68,237,68,237,68,11
19780 DATA 121,176,194,43,38,241,201,38,0,111
19790 DATA 30,0,22,0,1,0,0,221,33,0
19800 DATA 0,34,60,255,237,83,62,255,237,67
19810 DATA 64,255,221,34,66,255,33,68,255,17
19820 DATA 69,255,54,32,1,18,0,237,176,237
19830 DATA 67,87,255,30,1,33,68,255,1,9
19840 DATA 9,175,5,40,41,43,182,40,249,13
19850 DATA 23,48,252,31,87,229,197,33,87,255
19860 DATA 67,203,18,126,143,39,119,43,16,249
19870 DATA 48,3,28,54,1,13,32,235,193,14
19880 DATA 8,225,43,86,16,225,33,88,255,75
19890 DATA 183,237,66,84,93,237,66,235,65,203
19900 DATA 33,62,48,237,111,254,48,32,6,13
19910 DATA 19,24,4,237,111,18,19,237,111,18
19920 DATA 19,35,16,245,237,66,201,235,33,68
19930 DATA 255,205,210,38,237,176,235,201,126,254
19940 DATA 32,192,35,24,249,6,8,111,203,21
19950 DATA 31,16,251,201,229,126,254,0,40,14
19960 DATA 254,48,56,6,254,58,56,9,254,57
19970 DATA 246,1,225,201,191,225,201,35,24,231
19980 DATA 229,126,254,0,40,20,254,48,56,12
19990 DATA 254,58,56,15,254,48,56,4,254,71
20000 DATA 56,7,246,1,225,201,191,225,201,35
20010 DATA 24,225,175,205,34,39,122,201,87,126
20020 DATA 35,214,58,198,10,208,95,122,135,135
20030 DATA 130,135,131,24,239,126,205,68,39,135
20040 DATA 135,135,135,87,35,126,205,68,39,178
20050 DATA 35,201,214,48,254,10,216,214,7,201
20060 DATA 205,51,39,71,205,51,39,79,201,126
20070 DATA 35,214,48,203,39,203,39,203,39,203
20080 DATA 39,71,126,35,214,48,176,201,79,205
20090 DATA 117,39,119,35,121,205,121,39,119,35
20100 DATA 201,31,31,31,31,246,240,39,198,160
20110 DATA 206,64,201,22,0,106,6,8,41,48
20120 DATA 1,25,16,250,201,46,0,6,8,41
20130 DATA 135,48,1,25,16,249,201,33,0,0
20140 DATA 120,6,16,41,203,33,23,48,1,25
20150 DATA 16,247,201,213,121,72,33,0,0,6
20160 DATA 16,41,23,203,17,48,7,25,206,0
20170 DATA 210,190,39,12,16,241,65,79,209,201
20180 DATA 175,6,8,203,19,23,145,48,1,129
20190 DATA 16,247,71,123,23,47,201,175,6,8
20200 DATA 203,34,23,187,56,2,147,20,16,246
20210 DATA 201,175,6,16,41,23,56,3,185,56
20220 DATA 2,145,44,16,245,201,33,0,0,120
20230 DATA 6,8,23,237,106,237,82,48,1,25
20240 DATA 16,246,23,47,71,121,72,6,8,23
20250 DATA 237,106,237,82,48,1,25,16,246,23
20260 DATA 47,65,79,201,25,217,237,90,217,201
20270 DATA 17,64,0,125,108,98,183,6,8,237
20280 DATA 82,48,1,25,63,203,18,135,237,106
20290 DATA 135,237,106,16,240,201,58,106,255,71
20300 DATA 15,15,15,238,31,128,222,255,50,106
20310 DATA 255,201,0,0,0,0,0,0,0,0
20320 DATA 0,0,0,0,0,0,0,0,0,0
20330 DATA 0,0,0,0,0,0,0,0,0,0
20340 DATA 0,0,0,0,0,0,0,0,0,0
20350 DATA 0,0,0,0,0,0,0,0,0,0
20360 DATA 0,0,0,0,0,0,0,0,0,0
20370 DATA 0,0,0,0,0,0,0,0,0,0
20380 DATA 0,0,0,0,0,0,0,0,0,0
20390 DATA 0,0,0,0,0,0,0,0,0,0
20400 DATA 0,0,0,0,0,0,0,0,0,0
20410 DATA 0,0,0,0,0,0,0,0,0,0
20420 DATA 0,0,0,0,0,0,0,0,0,0
20430 DATA 0,0,0,0,0,0,0,0,0,0
20440 DATA 0,0,0,0,0,0,0,0,0,0
20450 DATA 0,0,0,0,0,0,0,0,0,0
20460 DATA 0,0,0,0,0,0,0,0,0,0
20470 DATA 0,0,0,0,0,0,0,0,0,0
20480 DATA 0,0,0,0,0,0,0,0,0,0
20490 DATA 0,0,0,0,0,0,0,0,0,0
20500 DATA 0,0,0,0,0,0,0,0,0,0
20510 DATA 0,0,0,0,0,0,0,0,0,0
20520 DATA 0,0,0,0,0,0,0,0,0,0
20530 DATA 0,0,0,0,0,0,0,0,0,0
20540 DATA 0,0,0,0,0,0,0,0,0,0
20550 DATA 0,0,0,0,0,0,0,0,0,0
20560 DATA 0,0,0,0,0,0,0,0,0,0
20570 DATA 0,0,0,0,0,0,0,0,0,0
20580 DATA 0,0,0,0,0,0,0,0,0,0
20590 DATA 0,0,0,0,0,0,0,0,0,0
20600 DATA 0,0,0,0,0,0,0,0,0,0
20610 DATA 0,0,0,0,0,0,0,0,0,0
20620 DATA 0,0,0,0,0,0,0,0,0,0
20630 DATA 0,0,0,0,0,0,0,0,0,0
20640 DATA 0,0,0,0,0,0,0,0,0,0
20650 DATA 0,0,0,0,0,0,0,0,0,0
20660 DATA 0,0,0,0,0,0,0,0,0,0
20670 DATA 0,0,0,0,0,0,0,0,0,0
20680 DATA 0,0,0,0,0,0,0,0,0,0
20690 DATA 0,0,0,0,0,0,0,0,0,0
20700 DATA 0,0,0,0,0,0,0,0,0,0
20710 DATA 0,0,0,0,0,0,0,0,0,0
20720 DATA 0,0,0,0,0,0,0,0,0,0
20730 DATA 0,0,0,0,0,0,0,0,0,0
20740 DATA 0,0,0,0,0,0,0,0,0,0
20750 DATA 0,0,0,0,0,0,0,0,0,0
20760 DATA 0,0,0,0,0,0,0,0,0,0
20770 DATA 0,0,0,0,0,0,0,0,0,0
20780 DATA 0,0,0,0,0,0,0,0,0,0
20790 DATA 0,0,0,0,0,0,0,0,0,0
20800 DATA 0,0,0,0,0,0,0,0,0,0
20810 DATA 0,0,0,0,0,0,0,0,0,0
20820 DATA 0,0,0,0,0,0,0,0,0,0
20830 DATA 0,0,0,0,0,0,0,0,0,0
20840 DATA 0,0,0,0,0,0,0,0,0,0
20850 DATA 0,0,0,0,0,0,0,0,0,0
20860 DATA 0,0,0,0,0,0,0,0,0,0
20870 DATA 0,0,0,0,0,0,0,0,0,0
20880 DATA 0,0,0,0,0,0,0,0,0,0
20890 DATA 0,0,0,0,0,0,0,0,0,0
20900 DATA 0,0,0,0,0,0,0,0,0,0
20910 DATA 0,0,0,0,0,0,0,0,0,0
20920 DATA 0,0,0,0,0,0,0,0,0,0
20930 DATA 0,0,0,0,0,0,0,0,0,0
20940 DATA 0,0,0,0,0,0,0,0,0,0
20950 DATA 0,0,0,0,0,0,0,0,0,0
20960 DATA 0,0,0,0,0,0,0,0,0,0
20970 DATA 0,0,0,0,0,0,0,0,0,0
20980 DATA 0,0,0,0,0,0,0,0,0,0
20990 DATA 0,0,0,0,0,0,0,0,0,0
21000 DATA 0,0,0,0,0,0,0,0,0,0
21010 DATA 0,0,0,0,0,0,0,0,0,0
21020 DATA 0,0,0,0,0,0,0,0,0,0
21030 DATA 0,0,0,0,0,0,0,0,0,0
21040 DATA 0,0,0,0,0,0,0,0,0,0
21050 DATA 0,0,0,0,0,0,0,0,0,0
21060 DATA 0,0,0,0,0,0,0,0,0,0
21070 DATA 0,0,0,0,0,0,0,0,0,0
21080 DATA 0,0,0,0,0,0,0,0,0,0
21090 DATA 0,0,0,0,0,0,0,0,0,0
21100 DATA 0,0,0,0,0,0,0,0,0,0
21110 DATA 0,0,0,0,0,0,0,0,0,0
21120 DATA 0,0,0,0,0,0,0,0,0,0
21130 DATA 0,0,0,0,0,0,0,0,0,0
21140 DATA 0,0,0,0,0,0,0,0,0,0
21150 DATA 0,0,0,0,0,0,0,0,0,0
21160 DATA 0,0,0,0,0,0,0,0,0,0
21170 DATA 0,0,0,0,0,0,0,0,0,0
21180 DATA 0,0,0,0,0,0,0,0,0,0
21190 DATA 0,0,0,0,0,0,0,0,0,0
21200 DATA 0,0,0,0,0,0,0,0,0,0
21210 DATA 0,0,0,0,0,0,0,0,0,0
21220 DATA 0,0,0,0,0,0,0,0,0,0
21230 DATA 0,0,0,0,0,0,0,0,0,0
21240 DATA 0,0,0,0,0,0,0,0,0,0
21250 DATA 0,0,0,0,0,0,0,0,0,0
21260 DATA 0,0,0,0,0,0,0,0,0,0
21270 DATA 0,0,0,0,0,0,0,0,0,0
21280 DATA 0,0,0,0,0,0,0,0,0,0
21290 DATA 0,0,0,0,0,0,0,0,0,0
21300 DATA 0,0,0,0,0,0,0,0,0,0
21310 DATA 0,0,0,0,0,0,0,0,0,0
21320 DATA 0,0,0,0,0,0,0,0,0,0
21330 DATA 0,0,0,0,0,0,0,0,0,0
21340 DATA 0,0,0,0,0,0,0,0,0,0
21350 DATA 0,0,0,0,0,0,0,0,0,0
21360 DATA 0,0,0,0,0,0,0,0,0,0
21370 DATA 0,0,0,0,0,0,0,0,0,0
21380 DATA 0,0,0,0,0,0,0,0,0,0
21390 DATA 0,0,0,0,0,0,0,0,0,0
21400 DATA 0,0,0,0,0,0,0,0,0,0
21410 DATA 0,0,0,0,0,0,0,0,0,0
21420 DATA 0,0,0,0,0,0,0,0,0,0
21430 DATA 0,0,0,0,0,0,0,0,0,0
21440 DATA 0,0,0,0,0,0,0,0,0,0
21450 DATA 0,0,0,0,0,0,0,0,0,0
21460 DATA 0,0,0,0,0,0,0,0,0,0
21470 DATA 0,0,0,0,0,0,0,0,0,0
21480 DATA 0,0,0,0,0,0,0,0,0,0
21490 DATA 0,0,0,0,0,0,0,0,0,0
21500 DATA 0,0,0,0,0,0,0,0,0,0
21510 DATA 0,0,0,0,0,0,0,0,0,0
21520 DATA 0,0,0,0,0,0,0,0,0,0
21530 DATA 0,0,0,0,0,0,0,0,0,0
21540 DATA 0,0,0,0,0,0,0,0,0,0
21550 DATA 0,0,0,0,0,0,0,0,0,0
21560 DATA 0,0,0,0,0,0,0,0,0,0
21570 DATA 0,0,0,0,0,0,0,0,0,0
21580 DATA 0,0,0,0,0,0,0,0,0,0
21590 DATA 0,0,0,0,0,0,0,0,0,0
21600 DATA 0,0,0,0,0,0,0,0,0,0
21610 DATA 0,0,0,0,0,0,0,0,0,0
21620 DATA 0,0,0,0,0,0,0,0,0,0
21630 DATA 0,0,0,0,0,0,0,0,0,0
21640 DATA 0,0,0,0,0,0,0,0,0,0
21650 DATA 0,0,0,0,0,0,0,0,0,0
21660 DATA 0,0,0,0,0,0,0,0,0,0
21670 DATA 0,0,0,0,0,0,0,0,0,0
21680 DATA 0,0,0,0,0,0,0,0,0,0
21690 DATA 0,0,0,0,0,0,0,0,0,0
21700 DATA 0,0,0,0,0,0,0,0,0,0
21710 DATA 0,0,0,0,0,0,0,0,0,0
21720 DATA 0,0,0,0,0,0,0,0,0,0
21730 DATA 0,0,0,0,0,0,0,0,0,0
21740 DATA 0,0,0,0,0,0,0,0,0,0
21750 DATA 0,0,0,0,0,0,0,0,0,0
21760 DATA 0,0,0,0,0,0,0,0,0,0
21770 DATA 0,0,0,0,0,0,0,0,0,0
21780 DATA 0,0,0,0,0,0,0,0,0,0
21790 DATA 0,0,0,0,0,0,0,0,0,0
21800 DATA 0,0,0,0,0,0,0,0,0,0
21810 DATA 0,0,0,0,0,0,0,0,0,0
21820 DATA 0,0,0,0,0,0,0,0,0,0
21830 DATA 0,0,0,0,0,0,0,0,0,0
21840 DATA 0,0,0,0,0,0,0,0,0,0
21850 DATA 0,0,0,0,0,0,0,0,0,0
21860 DATA 0,0,0,0,0,0,0,0,0,0
21870 DATA 0,0,0,0,0,0,0,0,0,0
21880 DATA 0,0,0,0,0,0,0,0,0,0
21890 DATA 0,0,0,0,0,0,0,0,0,0
21900 DATA 0,0,0,0,0,0,0,0,0,0
21910 DATA 0,0,0,0,0,0,0,0,0,0
21920 DATA 0,0,0,0,0,0,0,0,0,0
21930 DATA 0,0,0,0,0,0,0,0,0,0
21940 DATA 0,0,0,0,0,0,0,0,0,0
21950 DATA 0,0,0,0,0,0,0,0,0,0
21960 DATA 0,0,0,0,0,0,0,0,0,0
21970 DATA 0,0,0,0,0,0,0,0,0,0
21980 DATA 0,0,0,0,0,0,0,0,0,0
21990 DATA 0,0,0,0,0,0,0,0,0,0
22000 DATA 0,0,0,0,0,0,0,0,0,0
22010 DATA 0,0,0,0,0,0,0,0,0,0
22020 DATA 0,0,0,0,0,0,0,0,0,0
22030 DATA 0,0,0,0,0,0,0,0,0,0
22040 DATA 0,0,0,0,0,0,0,0,0,0
22050 DATA 0,0,0,0,0,0,0,0,0,0
22060 DATA 0,0,0,0,0,0,0,0,0,0
22070 DATA 0,0,0,0,0,0,0,0,0,0
22080 DATA 0,0,0,0,0,0,0,0,0,0
22090 DATA 0,0,0,0,0,0,0,0,0,0
22100 DATA 0,0,0,0,0,0,0,0,0,0
22110 DATA 0,0,0,0,0,0,0,0,0,0
22120 DATA 0,0,0,0,0,0,0,0,0,0
22130 DATA 0,0,0,0,0,0,0,0,0,0
22140 DATA 0,0,0,0,0,0,0,0,0,0
22150 DATA 0,0,0,0,0,0,0,0,0,0
22160 DATA 0,0,0,0,0,0,0,0,0,0
22170 DATA 0,0,0,0,0,0,0,0,0,0
22180 DATA 0,0,0,0,0,0,0,0,0,0
22190 DATA 0,0,0,0,0,0,0,0,0,0
22200 DATA 0,0,0,0,0,0,0,0,0,0
22210 DATA 0,0,0,0,0,0,0,0,0,0
22220 DATA 0,0,0,0,0,0,0,0,0,0
22230 DATA 0,0,0,0,0,0,0,0,0,0
22240 DATA 0,0,0,0,0,0,0,0,0,0
22250 DATA 0,0,0,0,0,0,0,0,0,0
22260 DATA 0,0,0,0,0,0,0,0,0,0
22270 DATA 0,0,0,0,0,0,0,0,0,0
22280 DATA 0,0,0,0,0,0,0,0,0,0
22290 DATA 0,0,0,0,0,0,0,0,0,0
22300 DATA 0,0,0,0,0,0,0,0,0,0
22310 DATA 0,0,0,0,0,0,0,0,0,0
22320 DATA 0,0,0,0,0,0,0,0,0,0
22330 DATA 0,0,0,0,0,0,0,0,0,0
22340 DATA 0,0,0,0,0,0,0,0,0,0
22350 DATA 0,0,0,0,0,0,0,0,0,0
22360 DATA 0,0,0,0,0,0,0,0,0,0
22370 DATA 0,0,0,0,0,0,0,0,0,0
22380 DATA 0,0,0,0,0,0,0,0,0,0
22390 DATA 0,0,0,0,0,0,0,0,0,0
22400 DATA 0,0,0,0,0,0,0,0,0,0
22410 DATA 0,0,0,0,0,0,0,0,0,0
22420 DATA 0,0,0,0,0,0,0,0,0,0
22430 DATA 0,0,0,0,0,0,0,0,0,0
22440 DATA 0,0,0,0,0,0,0,0,0,0
22450 DATA 0,0,0,0,0,0,0,0,0,0
22460 DATA 0,0,0,0,0,0,0,0,0,0
22470 DATA 0,0,0,0,0,0,0,0,0,0
22480 DATA 0,0,0,0,0,0,0,0,0,0
22490 DATA 0,0,0,0,0,0,0,0,0,0
22500 DATA 0,0,0,0,0,0,0,0,0,0
22510 DATA 0,0,0,0,0,0,0,0,0,0
22520 DATA 0,0,0,0,0,0,0,0,0,0
22530 DATA 0,0,0,0,0,0,0,0,0,0
22540 DATA 0,0,0,0,0,0,0,0,0,0
22550 DATA 0,0,0,0,0,0,0,0,0,0
22560 DATA 0,0,0,0,0,0,0,0,0,0
22570 DATA 0,0,0,0,0,0,0,0,0,0
22580 DATA 0,0,0,0,0,0,0,0,0,0
22590 DATA 0,0,0,0,0,0,0,0,0,0
22600 DATA 0,0,0,0,0,0,0,0,0,0
22610 DATA 0,0,0,0,0,0,0,0,0,0
22620 DATA 0,0,0,0,0,0,0,0,0,0
22630 DATA 0,0,0,0,0,0,0,0,0,0
22640 DATA 0,0,0,0,0,0,0,0,0,0
22650 DATA 0,0,0,0,0,0,0,0,0,0
22660 DATA 0,0,0,0,0,0,0,0,0,0
22670 DATA 0,0,0,0,0,0,0,0,0,0
22680 DATA 0,0,0,0,0,0,0,0,0,0
22690 DATA 0,0,0,0,0,0,0,0,0,0
22700 DATA 0,0,0,0,0,0,0,0,0,0
22710 DATA 0,0,0,0,0,0,0,0,0,0
22720 DATA 0,0,0,0,0,0,0,0,0,0
22730 DATA 0,0,0,0,0,0,0,0,0,0
22740 DATA 0,0,0,0,0,0,0,0,0,0
22750 DATA 0,0,0,0,0,0,0,0,0,0
22760 DATA 0,0,0,0,0,0,0,0,0,0
22770 DATA 0,0,0,0,0,0,0,0,0,0
22780 DATA 0,0,0,0,0,0,0,0,0,0
22790 DATA 0,0,0,0,0,0,0,0,0,0
22800 DATA 0,0,0,0,0,0,0,0,0,0
22810 DATA 0,0,0,0,0,0,0,0,0,0
22820 DATA 0,0,0,0,0,0,0,0,0,0
22830 DATA 0,0,0,0,0,0,0,0,0,0
22840 DATA 0,0,0,0,0,0,0,0,0,0
22850 DATA 0,0,0,0,0,0,0,0,0,0
22860 DATA 0,0,0,0,0,0,0,0,0,0
22870 DATA 0,0,0,0,0,0,0,0,0,0
22880 DATA 0,0,0,0,0,0,0,0,0,0
22890 DATA 0,0,0,0,0,0,0,0,0,0
22900 DATA 0,0,0,0,0,0,0,0,0,0
22910 DATA 0,0,0,0,0,0,0,0,0,0
22920 DATA 0,0,0,0,0,0,0,0,0,0
22930 DATA 0,0,0,0,0,0,0,0,0,0
22940 DATA 0,0,0,0,0,0,0,0,0,0
22950 DATA 0,0,0,0,0,0,0,0,0,0
22960 DATA 0,0,0,0,0,0,0,0,0,0
22970 DATA 0,0,0,0,0,0,0,0,0,0
22980 DATA 0,0,0,0,0,0,0,0,0,0
22990 DATA 0,0,0,0,0,0,0,0,0,0
23000 DATA 0,0,0,0,0,0,0,0,0,0
23010 DATA 0,0,0,0,0,0,0,0,0,0
23020 DATA 0,0,0,0,0,0,0,0,0,0
23030 DATA 0,0,0,0,0,0,0,0,0,0
23040 DATA 0,0,0,0,0,0,0,0,0,0
23050 DATA 0,0,0,0,0,0,0,0,0,0
23060 DATA 0,0,0,0,0,0,0,0,0,0
23070 DATA 0,0,0,0,0,0,0,0,0,0
23080 DATA 0,0,0,0,0,0,0,0,0,0
23090 DATA 0,0,0,0,0,0,0,0,0,0
23100 DATA 0,0,0,0,0,0,0,0,0,0
23110 DATA 0,0,0,0,0,0,0,0,0,0
23120 DATA 0,0,0,0,0,0,0,0,0,0
23130 DATA 0,0,0,0,0,0,0,0,0,0
23140 DATA 0,0,0,0,0,0,0,0,0,0
23150 DATA 0,0,0,0,0,0,0,0,0,0
23160 DATA 0,0,0,0,0,0,0,0,0,0
23170 DATA 0,0,0,0,0,0,0,0,0,0
23180 DATA 0,0,0,0,0,0,0,0,0,0
23190 DATA 0,0,0,0,0,0,0,0,0,0
23200 DATA 0,0,0,0,0,0,0,0,0,0
23210 DATA 0,0,0,0,0,0,0,0,0,0
23220 DATA 0,0,0,0,0,0,0,0,0,0
23230 DATA 0,0,0,0,0,0,0,0,0,0
23240 DATA 0,0,0,0,0,0,0,0,0,0
23250 DATA 0,0,0,0,0,0,0,0,0,0
23260 DATA 0,0,0,0,0,0,0,0,0,0
23270 DATA 0,0,0,0,0,0,0,0,0,0
23280 DATA 0,0,0,0,0,0,0,0,0,0
23290 DATA 0,0,0,0,0,0,0,0,0,0
23300 DATA 0,0,0,0,0,0,0,0,0,0
23310 DATA 0,0,0,0,0,0,0,0,0,0
23320 DATA 0,0,0,0,0,0,0,0,0,0
23330 DATA 0,0,0,0,0,0,0,0,0,0
23340 DATA 0,0,0,0,0,0,0,0,0,0
23350 DATA 0,0,0,0,0,0,0,0,0,0
23360 DATA 0,0,0,0,0,0,0,0,0,0
23370 DATA 0,0,0,0,0,0,0,0,0,0
23380 DATA 0,0,0,0,0,0,0,0,0,0
23390 DATA 0,0,0,0,0,0,0,0,0,0
23400 DATA 0,0,0,0,0,0,0,0,0,0
23410 DATA 0,0,0,0,0,0,0,0,0,0
23420 DATA 0,0,0,0,0,0,0,0,0,0
23430 DATA 0,0,0,0,0,0,0,0,0,0
23440 DATA 0,0,0,0,0,0,0,0,0,0
23450 DATA 0,0,0,0,0,0,0,0,0,0
23460 DATA 0,0,0,0,0,0,0,0,0,0
23470 DATA 0,0,0,0,0,0,0,0,0,0
23480 DATA 0,0,0,0,0,0,0,0,0,0
23490 DATA 0,0,0,0,0,0,0,0,0,0
23500 DATA 0,0,0,0,0,0,0,0,0,0
23510 DATA 0,0,0,0,0,0,0,0,0,0
23520 DATA 0,0,0,0,0,0,0,0,0,0
23530 DATA 0,0,0,0,0,0,0,0,0,0
23540 DATA 0,0,0,0,0,0,0,0,0,0
23550 DATA 0,0,0,0,0,0,0,0,0,0
23560 DATA 0,0,0,0,0,0,0,0,0,0
23570 DATA 0,0,0,0,0,0,0,0,0,0
23580 DATA 0,0,0,0,0,0,0,0,0,0
23590 DATA 0,0,0,0,0,0,0,0,0,0
23600 DATA 0,0,0,0,0,0,0,0,0,0
23610 DATA 0,0,0,0,0,0,0,0,0,0
23620 DATA 0,0,0,0,0,0,0,0,0,0
23630 DATA 0,0,0,0,0,0,0,0,0,0
23640 DATA 0,0,0,0,0,0,0,0,0,0
23650 DATA 0,0,0,0,0,0,0,0,0,0
23660 DATA 0,0,0,0,0,0,0,0,0,0
23670 DATA 0,0,0,0,0,0,0,0,0,0
23680 DATA 0,0,0,0,0,0,0,0,0,0
23690 DATA 0,0,0,0,0,0,0,0,0,0
23700 DATA 0,0,0,0,0,0,0,0,0,0
23710 DATA 0,0,0,0,0,0,0,0,0,0
23720 DATA 0,0,0,0,0,0,0,0,0,0
23730 DATA 0,0,0,0,0,0,0,0,0,0
23740 DATA 0,0,0,0,0,0,0,0,0,0
23750 DATA 0,0,0,0,0,0,0,0,0,0
23760 DATA 0,0,0,0,0,0,0,0,0,0
23770 DATA 0,0,0,0,0,0,0,0,0,0
23780 DATA 0,0,0,0,0,0,0,0,0,0
23790 DATA 0,0,0,0,0,0,0,0,0,0
23800 DATA 0,0,0,0,0,0,0,0,0,0
23810 DATA 0,0,0,0,0,0,0,0,0,0
23820 DATA 0,0,0,0,0,240,15,255,0,240
23830 DATA 15,255,0,240,15,255,0,240,15,255
23840 DATA 0,240,15,255,0,240,15,255,0,240
23850 DATA 15,255,0,240,15,255,0,0,0,0
23860 DATA 0,0,0,0,0,0,0,0,0,0
23870 DATA 0,0,0,0,0,0,0,0,0,0
23880 DATA 0,0,0,0,0,0,0,0,0,0
23890 DATA 0,0,0,0,0,0,0,0,0,0
23900 DATA 0,0,0,0,0,0,0,0,0,0
23910 DATA 0,0,0,0,0,0,0,0,0,0
23920 DATA 0,0,0,0,0,0,0,0,0,0
23930 DATA 0,0,0,0,0,0,0,0,0,0
23940 DATA 0,0,0,0,0,0,0,0,0,0
23950 DATA 0,0,0,0,8,8,8,0,8,8
23960 DATA 8,8,0,0,8,8,0,0,128,1
23970 DATA 170,255,126,0,192,0,0,0,255,30
23980 DATA 128,2,240,3,0,0,0,0,0,0
23990 DATA 0,0,0,0,0,0,0,0,0,0
24000 DATA 0,0,0,0,0,0,0,0,0,0
24010 DATA 0,0,0,0,0,0,0,0,0,0
24020 DATA 0,0,0,0,0,0,0,0,0,16
24030 DATA 0,20,0,0,16,0,0,0,0,0
24040 DATA 0,16,0,20,0,0,16,0,20,0
24050 DATA 24,0,0,24,24,48,24,24,0,0
24060 DATA 0,0,0,0,0,0,0,0,0,0
24070 DATA 0,0,12,0,0,0,0,0,0,126
24080 DATA 0,240,15,255,0,240,15,255,0,240
24090 DATA 15,255,0,240,15,255,0,240,15,255
24100 DATA 0,240,15,255,0,240,15,255,0,240
24110 DATA 15,255,0,16,18,40,16,96,32,4
24120 DATA 16,16,16,0,0,0,0,0,56,16
24130 DATA 56,124,8,124,28,124,56,56,0,0
24140 DATA 8,0,32,56,60,24,124,60,124,126
24150 DATA 126,60,66,56,2,66,64,66,66,60
24160 DATA 124,60,124,60,254,66,66,66,68,68
24170 DATA 124,12,0,24,16,0,32,0,64,0
24180 DATA 4,0,8,0,64,0,0,64,16,0
24190 DATA 0,0,0,0,0,0,0,0,0,0
24200 DATA 0,0,0,16,16,16,0,124,0,0
24210 DATA 8,8,8,0,8,8,8,8,0,0
24220 DATA 8,8,0,0,192,3,170,255,126,0
24230 DATA 176,0,0,0,0,6,64,4,192,13
24240 DATA 124,0,0,0,56,0,0,0,0,0
24250 DATA 0,0,96,0,0,0,0,126,0,0
24260 DATA 0,56,0,0,0,0,0,60,56,56
24270 DATA 16,56,126,16,126,0,16,0,32,32
24280 DATA 96,8,16,8,32,40,40,40,8,32
24290 DATA 40,8,32,16,0,8,32,40,40,40
24300 DATA 8,32,40,40,40,0,66,60,24,24
24310 DATA 126,56,60,66,16,16,68,16,16,58
24320 DATA 0,62,0,0,4,254,0,0,16,126
24330 DATA 0,16,40,48,0,126,0,240,15,255
24340 DATA 0,240,15,255,0,240,15,255,0,240
24350 DATA 15,255,0,240,15,255,0,240,15,255
24360 DATA 0,240,15,255,0,240,15,255,0,16
24370 DATA 36,40,60,100,80,8,32,8,84,16
24380 DATA 0,0,0,4,68,48,68,4,24,64
24390 DATA 32,4,68,68,0,0,16,0,16,68
24400 DATA 66,36,66,66,34,64,64,66,66,16
24410 DATA 2,68,64,102,98,66,66,66,66,66
24420 DATA 16,66,66,66,68,68,4,8,64,8
24430 DATA 56,0,16,0,64,0,4,0,16,0
24440 DATA 64,16,16,64,16,0,0,0,0,0
24450 DATA 0,0,16,0,0,0,0,0,0,32
24460 DATA 16,8,0,124,0,0,8,8,8,0
24470 DATA 8,8,8,8,0,0,8,8,0,0
24480 DATA 224,7,170,255,126,126,140,0,0,0
24490 DATA 0,10,32,8,160,49,68,0,56,16
24500 DATA 64,0,0,0,0,0,124,0,16,0
24510 DATA 0,0,0,66,0,0,0,68,0,0
24520 DATA 0,0,124,66,16,16,16,68,34,40
24530 DATA 36,16,16,16,96,96,16,0,0,16
24540 DATA 16,0,0,0,16,16,0,16,16,40
24550 DATA 40,16,16,0,0,0,16,16,0,0
24560 DATA 0,0,98,66,36,36,64,16,66,66
24570 DATA 56,56,238,56,0,68,0,80,0,0
24580 DATA 8,130,16,68,24,144,0,40,40,72
24590 DATA 0,126,0,0,0,0,240,240,240,240
24600 DATA 15,15,15,15,255,255,255,255,0,0
24610 DATA 0,0,240,240,240,240,15,15,15,15
24620 DATA 255,255,255,255,0,16,72,124,80,8
24630 DATA 80,16,64,4,56,16,0,0,0,8
24640 DATA 76,16,4,8,40,120,64,8,68,68
24650 DATA 0,0,32,124,8,8,78,66,66,64
24660 DATA 34,64,64,64,66,16,2,72,64,90
24670 DATA 82,66,66,66,66,64,16,66,66,66
24680 DATA 40,40,8,8,32,8,84,0,8,56
24690 DATA 120,60,60,56,16,60,120,0,0,72
24700 DATA 16,236,120,56,120,60,92,60,56,68
24710 DATA 68,130,68,68,124,32,16,8,0,124
24720 DATA 0,0,8,8,8,0,8,8,8,8
24730 DATA 0,0,16,4,0,0,240,15,85,255
24740 DATA 126,126,130,0,24,24,0,18,18,144
24750 DATA 144,65,64,52,68,84,56,28,40,68
24760 DATA 88,16,32,36,16,68,68,56,124,0
24770 DATA 56,60,124,68,40,56,68,68,32,66
24780 DATA 124,146,40,130,16,40,36,32,16,8
24790 DATA 32,32,48,8,16,56,56,56,56,56
24800 DATA 56,56,56,0,0,0,0,56,56,56
24810 DATA 56,56,68,68,68,68,120,60,82,64
24820 DATA 32,66,64,16,66,66,84,124,254,124
24830 DATA 56,76,58,144,108,0,8,68,0,56
24840 DATA 36,144,108,68,40,48,0,126,0,0
24850 DATA 0,0,240,240,240,240,15,15,15,15
24860 DATA 255,255,255,255,0,0,0,0,240,240
24870 DATA 240,240,15,15,15,15,255,255,255,255
24880 DATA 0,16,0,40,56,16,32,0,64,4
24890 DATA 16,124,0,124,0,16,84,16,24,24
24900 DATA 72,4,120,16,56,60,0,0,64,0
24910 DATA 4,16,82,126,124,64,34,124,124,64
24920 DATA 126,16,2,112,64,90,74,66,124,66
24930 DATA 124,60,16,66,36,90,16,16,16,8
24940 DATA 16,8,16,0,0,4,68,64,68,68
24950 DATA 56,68,68,16,16,80,16,146,68,68
24960 DATA 68,68,96,64,16,68,68,130,40,68
24970 DATA 8,64,0,4,50,124,0,255,8,255
24980 DATA 255,255,248,15,248,15,248,15,224,3
24990 DATA 224,3,248,31,85,255,126,126,140,126
25000 DATA 36,60,0,32,10,160,8,49,64,72
25010 DATA 120,84,68,32,84,36,100,16,120,40
25020 DATA 40,68,36,68,40,24,68,72,16,124
25030 DATA 68,68,36,36,64,90,146,146,40,130
25040 DATA 8,68,36,124,16,124,44,36,20,8
25050 DATA 16,4,4,4,4,4,68,68,68,16
25060 DATA 16,16,16,68,68,68,68,68,68,68
25070 DATA 68,68,68,64,74,64,120,126,124,16
25080 DATA 66,66,254,254,254,254,4,84,76,252
25090 DATA 18,0,8,68,124,40,36,156,146,0
25100 DATA 40,0,0,126,0,0,0,0,240,240
25110 DATA 240,240,15,15,15,15,255,255,255,255
25120 DATA 0,0,0,0,240,240,240,240,15,15
25130 DATA 15,15,255,255,255,255,0,16,0,124
25140 DATA 20,32,84,0,64,4,56,16,0,0
25150 DATA 0,32,100,16,32,4,124,4,68,32
25160 DATA 68,4,16,16,32,124,8,16,78,66
25170 DATA 66,64,34,64,64,78,66,16,2,72
25180 DATA 64,66,70,66,64,74,72,2,16,66
25190 DATA 36,90,40,16,32,8,8,8,16,0
25200 DATA 0,124,68,64,68,124,16,68,68,16
25210 DATA 16,96,16,146,68,68,68,68,64,56
25220 DATA 16,68,40,146,16,68,16,32,16,8
25230 DATA 76,124,0,0,8,8,0,8,8,8
25240 DATA 0,0,8,8,0,0,16,4,252,63
25250 DATA 170,255,126,126,176,126,36,60,0,64
25260 DATA 6,192,4,13,64,72,68,84,68,24
25270 DATA 84,36,68,16,32,48,40,68,36,68
25280 DATA 40,0,68,72,16,68,84,64,40,36
25290 DATA 64,66,124,124,68,68,16,68,36,32
25300 DATA 84,8,50,44,108,8,32,124,124,124
25310 DATA 124,124,124,124,124,16,16,16,16,68
25320 DATA 68,68,68,68,68,68,68,68,68,64
25330 DATA 70,64,32,66,64,16,66,66,84,124
25340 DATA 124,214,124,100,84,144,254,0,8,40
25350 DATA 0,56,24,144,158,0,40,0,0,126
25360 DATA 0,0,0,0,240,240,240,240,15,15
25370 DATA 15,15,255,255,255,255,0,0,0,0
25380 DATA 240,240,240,240,15,15,15,15,255,255
25390 DATA 255,255,0,0,0,40,120,76,136,0
25400 DATA 32,8,84,16,0,0,0,64,68,16
25410 DATA 64,68,8,68,68,32,68,8,0,0
25420 DATA 16,0,16,0,64,66,66,66,34,64
25430 DATA 64,66,66,16,66,68,64,66,66,66
25440 DATA 64,68,68,66,16,66,36,102,68,16
25450 DATA 64,8,4,8,16,0,0,68,68,64
25460 DATA 68,64,16,68,68,16,16,80,16,146
25470 DATA 68,68,120,60,64,4,16,68,40,146
25480 DATA 40,68,32,32,16,8,0,124,0,0
25490 DATA 8,8,0,8,8,8,0,0,8,8
25500 DATA 0,0,8,8,254,127,170,255,126,126
25510 DATA 192,126,24,24,0,128,62,240,2,3
25520 DATA 64,72,68,84,68,32,84,40,68,16
25530 DATA 64,40,68,68,24,68,40,66,100,72
25540 DATA 16,68,84,64,16,36,64,66,16,16
25550 DATA 68,40,34,130,36,16,56,16,12,20
25560 DATA 20,8,68,68,68,68,68,68,64,64
25570 DATA 64,16,16,16,16,68,68,68,68,68
25580 DATA 68,68,68,68,68,64,66,66,32,66
25590 DATA 64,16,66,66,16,56,56,16,68,68
25600 DATA 100,144,144,0,8,40,16,68,8,144
25610 DATA 144,0,40,0,126,126,0,0,0,0
25620 DATA 0,0,0,0,0,0,0,0,0,0
25630 DATA 0,0,240,240,240,240,240,240,240,240
25640 DATA 240,240,240,240,240,240,240,240,0,16
25650 DATA 0,40,16,12,116,0,16,16,16,0
25660 DATA 16,0,16,0,56,56,124,56,8,56
25670 DATA 56,32,56,112,16,16,8,0,32,16
25680 DATA 60,66,124,60,124,126,64,60,66,56
25690 DATA 60,66,126,66,66,60,64,58,66,60
25700 DATA 16,60,24,66,68,16,124,12,0,24
25710 DATA 16,0,0,60,120,60,60,60,16,60
25720 DATA 68,24,16,72,24,146,68,56,64,4
25730 DATA 64,120,24,60,16,108,68,60,124,16
25740 DATA 16,16,0,124,0,0,8,8,0,8
25750 DATA 8,8,0,0,8,8,0,0,8,8
25760 DATA 255,255,85,255,126,126,0,126,0,0
25770 DATA 0,0,0,0,0,0,64,52,120,56
25780 DATA 56,28,56,16,68,8,56,36,68,120
25790 DATA 16,56,36,126,88,48,8,56,40,56
25800 DATA 40,24,56,60,56,56,198,238,126,254
25810 DATA 102,0,16,0,16,30,30,8,56,60
25820 DATA 60,60,60,60,60,60,60,24,24,24
25830 DATA 24,56,56,56,56,56,60,60,60,60
25840 DATA 68,60,66,60,124,66,126,56,60,60
25850 DATA 56,16,16,56,60,184,184,158,110,0
25860 DATA 8,16,0,0,48,126,110,0,40,0
25870 DATA 126,126,0,0,0,0,0,0,0,0
25880 DATA 0,0,0,0,0,0,0,0,240,240
25890 DATA 240,240,240,240,240,240,240,240,240,240
25900 DATA 240,0,240,240,0,0,0,0,0,0
25910 DATA 0,0,0,0,0,0,32,0,0,0
25920 DATA 0,0,0,0,0,0,0,0,0,0
25930 DATA 0,32,0,0,0,0,0,0,0,0
25940 DATA 0,0,0,0,0,0,0,0,0,0
25950 DATA 0,0,0,0,0,0,0,0,0,0
25960 DATA 0,0,0,0,0,0,0,0,0,0
25970 DATA 0,0,0,0,0,4,0,0,16,0
25980 DATA 0,0,0,0,64,4,0,0,0,0
25990 DATA 0,0,0,4,0,0,0,0,0,0
26000 DATA 0,0,8,8,0,8,8,8,0,0
26010 DATA 8,8,0,0,8,8,255,255,85,255
26020 DATA 126,126,0,126,0,0,0,0,0,0
26030 DATA 0,0,0,0,64,16,0,0,16,16
26040 DATA 4,0,4,0,0,64,0,0,0,0
26050 DATA 64,0,0,0,0,4,72,0,4,0
26060 DATA 0,0,0,0,0,0,0,0,0,0
26070 DATA 30,4,4,0,0,0,0,0,0,0
26080 DATA 0,0,0,0,0,0,0,0,0,0
26090 DATA 0,0,0,0,0,0,0,8,0,8
26100 DATA 0,0,0,0,0,0,0,0,0,0
26110 DATA 0,0,0,0,0,126,16,0,0,0
26120 DATA 0,0,0,0,0,0,126,0,0,0
26130 DATA 0,0,0,0,0,0,0,0,0,0
26140 DATA 0,0,0,0,240,240,240,240,240,240
26150 DATA 240,240,240,240,240,240,240,0,240,240
26160 DATA 0,0,0,0,0,0,0,0,0,0
26170 DATA 0,0,0,0,0,0,0,0,0,0
26180 DATA 0,0,0,0,0,0,0,0,0,0
26190 DATA 0,0,0,0,0,0,0,0,0,0
26200 DATA 0,0,0,0,0,0,0,0,0,0
26210 DATA 0,0,0,0,0,0,0,0,0,0
26220 DATA 0,0,0,124,0,0,0,0,0,0
26230 DATA 0,56,0,0,48,0,0,0,0,0
26240 DATA 64,4,0,0,0,0,0,0,0,56
26250 DATA 0,0,0,0,0,0,0,0,8,8
26260 DATA 0,8,8,8,0,0,8,8,0,0
26270 DATA 8,8,255,255,85,255,126,126,0,126
26280 DATA 0,0,0,0,0,0,0,0,0,0
26290 DATA 64,16,0,0,16,16,4,0,24,0
26300 DATA 0,64,0,0,0,0,64,0,0,0
26310 DATA 0,24,68,0,24,0,0,0,0,0
26320 DATA 0,0,0,0,0,0,0,0,0,0
26330 DATA 0,0,0,0,0,0,0,0,0,0
26340 DATA 0,0,0,0,0,0,0,0,0,0
26350 DATA 0,0,0,24,0,0,0,0,0,0
26360 DATA 0,0,0,0,0,0,0,0,0,0
26370 DATA 0,126,0,0,0,0,0,0,0,0
