10 Reserve top-16384
20 For i=0 to 93
30 Read a:poke 16384+i,a
40 next i
50 ?"type CALL TOP to run your code."
100 END
10000 DATA 195,30,64,78,58,76,67,68,32,79
10010 DATA 78,44,70,58,76,67,68,32,79,70
10020 DATA 70,10,13,0,72,69,76,76,79,0
10030 DATA 33,3,64,205,201,10,205,211,10,254
10040 DATA 77,202,4,0,254,78,204,86,64,254
10050 DATA 70,204,90,64,254,49,204,66,64,254
10060 DATA 50,204,82,64,24,220,205,224,18,33
10070 DATA 24,64,205,233,18,205,61,19,205,33
10080 DATA 19,201,205,19,19,201,205,99,19,201
