10 Reserve top-0
20 For i=0 to 13239
30 Read a:poke 0+i,a
40 next i
50 ?"type CALL TOP to run your code."
100 END
10000 DATA 205,77,12,67,68,69,83,80,32,77
10010 DATA 111,100,117,108,97,114,32,67,111,109
10020 DATA 112,117,116,101,114,32,49,46,48,10
10030 DATA 13,10,13,0,33,0,98,249,54,10
10040 DATA 44,54,9,44,175,119,44,32,252,62
10050 DATA 55,50,254,98,33,109,0,34,238,98
10060 DATA 205,27,64,237,83,228,98,34,220,98
10070 DATA 205,230,7,194,210,12,205,77,12,66
10080 DATA 66,67,32,66,65,83,73,67,32,40
10090 DATA 90,56,48,41,32,86,101,114,115,105
10100 DATA 111,110,32,51,46,48,48,10,13,40
10110 DATA 67,41,32,67,111,112,121,114,105,103
10120 DATA 104,116,32,82,46,84,46,82,117,115
10130 DATA 115,101,108,108,32,49,57,56,55,10
10140 DATA 13,10,13,0,246,55,237,123,228,98
10150 DATA 205,18,64,33,254,98,126,230,15,246
10160 DATA 48,119,237,98,34,236,98,34,244,98
10170 DATA 42,234,98,34,230,98,124,181,40,23
10180 DATA 229,205,39,9,225,237,75,255,98,6
10190 DATA 0,9,218,8,11,34,234,98,62,32
10200 DATA 205,150,8,33,0,96,205,30,64,175
10210 DATA 50,251,98,253,33,0,96,205,227,10
10220 DATA 205,154,36,124,181,40,3,34,230,98
10230 DATA 17,0,97,14,1,205,119,11,18,175
10240 DATA 71,75,19,18,42,230,98,124,181,253
10250 DATA 33,0,97,202,10,13,197,229,205,202
10260 DATA 7,225,205,205,8,204,138,7,193,121
10270 DATA 183,202,145,0,198,4,79,213,197,235
10280 DATA 42,222,98,229,9,229,36,175,237,114
10290 DATA 225,210,253,6,34,222,98,227,229,35
10300 DATA 183,237,82,68,77,225,209,40,2,237
10310 DATA 184,193,209,35,113,35,115,35,114,35
10320 DATA 17,0,97,235,13,13,13,237,176,205
10330 DATA 191,7,195,145,0,128,65,78,68,148
10340 DATA 65,66,83,149,65,67,83,150,65,68
10350 DATA 86,65,76,151,65,83,67,152,65,83
10360 DATA 78,153,65,84,78,198,65,85,84,79
10370 DATA 154,66,71,69,84,0,213,66,80,85
10380 DATA 84,0,251,67,79,76,79,85,82,251
10390 DATA 67,79,76,79,82,214,67,65,76,76
10400 DATA 215,67,72,65,73,78,189,67,72,82
10410 DATA 36,216,67,76,69,65,82,0,217,67
10420 DATA 76,79,83,69,0,218,67,76,71,0
10430 DATA 219,67,76,83,0,155,67,79,83,156
10440 DATA 67,79,85,78,84,0,220,68,65,84
10450 DATA 65,157,68,69,71,221,68,69,70,199
10460 DATA 68,69,76,69,84,69,129,68,73,86
10470 DATA 222,68,73,77,223,68,82,65,87,225
10480 DATA 69,78,68,80,82,79,67,0,224,69
10490 DATA 78,68,0,226,69,78,86,69,76,79
10500 DATA 80,69,139,69,76,83,69,160,69,86
10510 DATA 65,76,158,69,82,76,0,133,69,82
10520 DATA 82,79,82,197,69,79,70,0,130,69
10530 DATA 79,82,159,69,82,82,0,161,69,88
10540 DATA 80,162,69,88,84,0,227,70,79,82
10550 DATA 163,70,65,76,83,69,0,164,70,78
10560 DATA 229,71,79,84,79,190,71,69,84,36
10570 DATA 165,71,69,84,228,71,79,83,85,66
10580 DATA 230,71,67,79,76,147,72,73,77,69
10590 DATA 77,0,232,73,78,80,85,84,231,73
10600 DATA 70,191,73,78,75,69,89,36,166,73
10610 DATA 78,75,69,89,168,73,78,84,167,73
10620 DATA 78,83,84,82,40,201,76,73,83,84
10630 DATA 134,76,73,78,69,200,76,79,65,68
10640 DATA 146,76,79,77,69,77,0,234,76,79
10650 DATA 67,65,76,192,76,69,70,84,36,40
10660 DATA 169,76,69,78,233,76,69,84,171,76
10670 DATA 79,71,170,76,78,193,77,73,68,36
10680 DATA 40,235,77,79,68,69,131,77,79,68
10690 DATA 236,77,79,86,69,237,78,69,88,84
10700 DATA 202,78,69,87,0,172,78,79,84,203
10710 DATA 79,76,68,0,238,79,78,135,79,70
10720 DATA 70,132,79,82,142,79,80,69,78,73
10730 DATA 78,174,79,80,69,78,79,85,84,173
10740 DATA 79,80,69,78,85,80,255,79,83,67
10750 DATA 76,73,241,80,82,73,78,84,144,80
10760 DATA 65,71,69,0,143,80,84,82,0,175
10770 DATA 80,73,0,240,80,76,79,84,176,80
10780 DATA 79,73,78,84,40,242,80,82,79,67
10790 DATA 177,80,79,83,0,206,80,85,84,248
10800 DATA 82,69,84,85,82,78,0,245,82,69
10810 DATA 80,69,65,84,246,82,69,80,79,82
10820 DATA 84,0,243,82,69,65,68,244,82,69
10830 DATA 77,249,82,85,78,0,178,82,65,68
10840 DATA 247,82,69,83,84,79,82,69,194,82
10850 DATA 73,71,72,84,36,40,179,82,78,68
10860 DATA 0,204,82,69,78,85,77,66,69,82
10870 DATA 136,83,84,69,80,205,83,65,86,69
10880 DATA 180,83,71,78,181,83,73,78,182,83
10890 DATA 81,82,137,83,80,67,195,83,84,82
10900 DATA 36,196,83,84,82,73,78,71,36,40
10910 DATA 212,83,79,85,78,68,250,83,84,79
10920 DATA 80,0,183,84,65,78,140,84,72,69
10930 DATA 78,184,84,79,138,84,65,66,40,252
10940 DATA 84,82,65,67,69,145,84,73,77,69
10950 DATA 0,185,84,82,85,69,0,253,85,78
10960 DATA 84,73,76,186,85,83,82,239,86,68
10970 DATA 85,187,86,65,76,188,86,80,79,83
10980 DATA 0,254,87,73,68,84,72,211,72,73
10990 DATA 77,69,77,210,76,79,77,69,77,208
11000 DATA 80,65,71,69,207,80,84,82,209,84
11010 DATA 73,77,69,1,77,105,115,115,105,110
11020 DATA 103,32,2,78,111,32,115,117,99,104
11030 DATA 32,3,66,97,100,32,4,32,114,97
11040 DATA 110,103,101,5,118,97,114,105,97,98
11050 DATA 108,101,6,79,117,116,32,111,102,7
11060 DATA 78,111,32,8,32,115,112,97,99,101
11070 DATA 255,255,7,114,111,111,109,0,6,4
11080 DATA 0,0,0,77,105,115,116,97,107,101
11090 DATA 0,1,44,0,84,121,112,101,32,109
11100 DATA 105,115,109,97,116,99,104,0,7,164
11110 DATA 0,0,1,34,0,3,222,0,222,8
11120 DATA 0,78,111,116,32,234,0,7,242,0
11130 DATA 65,114,114,97,121,0,83,117,98,115
11140 DATA 99,114,105,112,116,0,83,121,110,116
11150 DATA 97,120,32,101,114,114,111,114,0,69
11160 DATA 115,99,97,112,101,0,68,105,118,105
11170 DATA 115,105,111,110,32,98,121,32,122,101
11180 DATA 114,111,0,83,116,114,105,110,103,32
11190 DATA 116,111,111,32,108,111,110,103,0,84
11200 DATA 111,111,32,98,105,103,0,45,118,101
11210 DATA 32,114,111,111,116,0,76,111,103,4
11220 DATA 0,65,99,99,117,114,97,99,121,32
11230 DATA 108,111,115,116,0,69,120,112,4,0
11240 DATA 0,2,5,0,1,41,0,3,72,69
11250 DATA 88,0,2,164,47,242,0,3,99,97
11260 DATA 108,108,0,65,114,103,117,109,101,110
11270 DATA 116,115,0,7,227,0,67,97,110,39
11280 DATA 116,32,109,97,116,99,104,32,227,0
11290 DATA 227,32,5,0,0,7,184,0,0,7
11300 DATA 228,0,238,32,115,121,110,116,97,120
11310 DATA 0,238,4,0,2,108,105,110,101,0
11320 DATA 6,32,220,0,7,245,0,0,1,35
11330 DATA 0,205,202,7,205,48,11,126,183,40
11340 DATA 113,35,94,35,86,122,179,40,26,43
11350 DATA 43,235,55,237,66,235,48,96,197,205
11360 DATA 138,7,193,24,228,253,35,205,182,30
11370 DATA 217,125,50,254,98,195,145,0,254,79
11380 DATA 40,239,205,48,11,205,154,36,254,231
11390 DATA 62,0,32,21,253,35,205,154,36,235
11400 DATA 253,229,225,62,13,197,1,0,1,237
11410 DATA 177,121,47,193,235,95,120,177,32,1
11420 DATA 11,217,221,33,254,98,1,0,0,217
11430 DATA 62,20,197,213,229,8,126,183,40,14
11440 DATA 123,35,94,35,86,43,43,213,235,55
11450 DATA 237,66,235,209,210,144,0,78,71,122
11460 DATA 179,202,145,0,35,35,35,13,13,13
11470 DATA 13,213,229,175,184,253,229,209,196,85
11480 DATA 34,225,209,253,229,204,6,8,253,225
11490 DATA 8,61,205,75,64,225,94,22,0,25
11500 DATA 209,193,24,184,205,238,7,205,13,11
11510 DATA 217,42,220,98,237,91,224,98,126,183
11520 DATA 40,48,35,78,35,70,120,177,202,145
11530 DATA 0,235,113,35,112,35,217,229,9,218
11540 DATA 8,11,217,193,113,35,112,35,235,43
11550 DATA 43,175,71,78,9,235,229,36,237,114
11560 DATA 225,235,56,210,205,18,7,204,8,0
11570 DATA 235,54,255,35,54,255,237,91,224,98
11580 DATA 217,42,220,98,78,121,183,202,144,0
11590 DATA 217,235,35,35,94,35,86,35,213,235
11600 DATA 34,230,98,217,209,35,115,35,114,35
11610 DATA 13,13,13,6,0,62,141,237,177,32
11620 DATA 219,197,229,229,253,225,217,205,72,35
11630 DATA 217,68,77,42,224,98,94,35,86,35
11640 DATA 235,183,237,66,235,94,35,86,35,56
11650 DATA 241,235,40,25,205,77,12,70,97,105
11660 DATA 108,101,100,32,97,116,32,0,42,230
11670 DATA 98,205,35,9,205,143,8,24,6,209
11680 DATA 213,27,205,27,12,225,193,24,182,205
11690 DATA 13,11,34,234,98,121,50,255,98,24
11700 DATA 41,205,77,12,3,112,114,111,103,114
11710 DATA 97,109,13,10,0,205,230,7,24,22
11720 DATA 42,220,98,229,35,35,35,1,252,0
11730 DATA 62,13,237,177,32,221,125,225,119,205
11740 DATA 191,7,195,145,0,205,191,30,62,13
11750 DATA 18,205,165,7,205,238,7,24,27,205
11760 DATA 202,7,205,191,30,62,13,18,237,91
11770 DATA 220,98,42,222,98,183,237,82,68,77
11780 DATA 33,0,96,205,54,64,195,144,0,237
11790 DATA 123,228,98,33,48,4,183,40,10,71
11800 DATA 8,175,190,35,32,252,16,250,8,229
11810 DATA 225,34,238,98,237,123,228,98,50,253
11820 DATA 98,205,230,8,34,242,98,183,40,11
11830 DATA 42,236,98,124,181,229,253,225,194,10
11840 DATA 13,33,0,0,34,234,98,34,232,98
11850 DATA 205,69,64,205,143,8,205,65,12,205
11860 DATA 16,9,30,0,220,45,64,205,143,8
11870 DATA 195,145,0,33,79,1,253,126,0,70
11880 DATA 35,190,40,8,216,35,203,126,40,251
11890 DATA 24,240,253,229,35,203,126,32,27,253
11900 DATA 35,253,126,0,254,46,40,18,190,40
11910 DATA 239,205,84,11,56,4,253,225,24,221
11920 DATA 126,183,32,248,253,43,241,175,120,201
11930 DATA 213,229,229,6,0,78,9,229,235,42
11940 DATA 222,98,237,82,68,77,225,209,237,176
11950 DATA 237,83,222,98,225,209,201,237,91,220
11960 DATA 98,33,0,255,57,237,82,68,77,33
11970 DATA 0,96,205,57,64,212,230,7,62,0
11980 DATA 210,253,6,205,202,7,43,54,255,43
11990 DATA 54,255,24,36,42,220,98,6,0,62
12000 DATA 13,78,12,13,40,9,9,43,190,35
12010 DATA 40,245,195,165,6,35,35,35,34,222
12020 DATA 98,201,42,220,98,54,0,205,223,7
12030 DATA 229,42,222,98,34,224,98,34,226,98
12040 DATA 33,108,98,197,6,112,54,0,35,16
12050 DATA 251,193,225,201,229,235,197,205,39,9
12060 DATA 193,225,126,254,237,204,114,8,254,253
12070 DATA 204,114,8,217,62,32,221,203,0,70
12080 DATA 196,150,8,120,135,221,203,0,78,196
12090 DATA 76,23,121,135,221,203,0,86,196,76
12100 DATA 23,217,126,254,227,204,114,8,254,245
12110 DATA 204,114,8,30,0,126,35,254,13,40
12120 DATA 70,254,34,32,1,28,205,102,8,24
12130 DATA 240,229,253,225,197,205,72,35,193,217
12140 DATA 197,205,35,9,193,217,253,229,225,201
12150 DATA 203,67,32,44,254,141,40,229,205,175
12160 DATA 8,126,217,254,227,40,8,254,237,32
12170 DATA 5,5,242,128,8,4,254,245,40,8
12180 DATA 254,253,32,5,13,242,141,8,12,217
12190 DATA 201,62,13,205,150,8,62,10,205,21
12200 DATA 64,214,13,40,5,216,58,251,98,60
12210 DATA 50,251,98,200,229,42,252,98,189,225
12220 DATA 192,24,224,254,138,234,150,8,197,229
12230 DATA 33,79,1,1,223,2,237,177,126,35
12240 DATA 254,138,245,236,150,8,241,234,190,8
12250 DATA 225,193,201,235,42,220,98,175,190,60
12260 DATA 208,175,71,78,229,35,126,35,102,111
12270 DATA 237,82,225,208,9,195,215,8,6,0
12280 DATA 237,91,244,98,42,220,98,183,237,82
12290 DATA 25,48,22,78,12,13,40,17,9,237
12300 DATA 82,25,56,245,237,66,35,94,35,86
12310 DATA 235,34,230,98,201,33,0,0,24,247
12320 DATA 42,230,98,124,181,200,205,77,12,32
12330 DATA 97,116,32,108,105,110,101,32,0,14
12340 DATA 0,24,2,14,32,6,5,17,16,39
12350 DATA 175,237,82,60,48,251,25,61,40,4
12360 DATA 203,225,203,233,177,196,150,8,120,254
12370 DATA 5,40,6,41,84,93,41,41,25,17
12380 DATA 232,3,16,222,55,201,205,159,10,253
12390 DATA 126,0,254,40,32,104,62,14,195,253
12400 DATA 6,253,126,0,254,36,40,98,254,33
12410 DATA 40,98,254,63,40,98,205,23,10,192
12420 DATA 253,126,0,254,40,32,65,213,126,183
12430 DATA 40,220,35,17,0,0,245,253,35,24
12440 DATA 4,245,205,82,36,229,213,205,182,30
12450 DATA 217,209,227,78,35,70,35,227,235,213
12460 DATA 205,197,23,209,25,235,183,237,66,62
12470 DATA 15,48,181,225,241,61,32,219,205,94
12480 DATA 36,241,229,205,184,23,225,25,87,253
12490 DATA 126,0,254,63,40,29,254,33,40,21
12500 DATA 229,221,225,122,191,201,62,128,24,5
12510 DATA 62,4,24,1,175,33,0,0,245,24
12520 DATA 21,6,4,24,2,6,0,229,221,225
12530 DATA 122,254,129,200,197,205,111,31,205,93
12540 DATA 33,217,229,253,35,205,205,30,217,209
12550 DATA 241,25,229,221,225,191,201,253,126,1
12560 DATA 205,84,11,216,253,126,0,33,216,98
12570 DATA 254,164,40,67,33,218,98,254,242,40
12580 DATA 60,55,201,214,64,216,38,0,254,27
12590 DATA 48,29,135,111,253,126,1,254,37,32
12600 DATA 32,253,126,2,254,40,40,25,41,17
12610 DATA 0,98,25,253,35,253,35,22,4,175
12620 DATA 201,254,31,216,254,59,63,61,216,214
12630 DATA 3,135,111,17,108,98,45,45,55,248
12640 DATA 25,94,35,86,122,179,40,69,98,107
12650 DATA 35,35,253,229,126,35,253,35,253,190
12660 DATA 0,40,247,183,40,6,253,225,235,195
12670 DATA 81,10,253,43,253,126,0,254,40,40
12680 DATA 19,253,35,205,72,11,56,12,254,40
12690 DATA 40,230,253,126,255,205,84,11,48,222
12700 DATA 209,253,126,255,254,36,22,129,200,254
12710 DATA 37,22,4,200,20,191,201,60,201,175
12720 DATA 237,91,226,98,114,43,115,235,119,35
12730 DATA 119,35,253,35,205,72,11,56,20,119
12740 DATA 35,205,84,11,48,242,254,40,40,9
12750 DATA 253,126,1,254,40,40,231,253,35,54
12760 DATA 0,35,229,205,141,10,62,5,186,40
12770 DATA 1,61,54,0,35,61,32,250,34,226
12780 DATA 98,205,225,21,225,175,201,205,154,36
12790 DATA 33,0,0,253,126,0,214,48,216,254
12800 DATA 10,208,253,35,84,93,41,56,15,41
12810 DATA 56,12,25,56,9,41,56,6,95,22
12820 DATA 0,25,48,225,62,20,195,253,6,205
12830 DATA 227,10,124,181,32,2,46,10,205,228
12840 DATA 22,253,35,229,33,10,0,196,227,10
12850 DATA 227,193,120,177,192,205,18,7,83,105
12860 DATA 108,108,121,0,205,227,10,229,205,228
12870 DATA 22,40,9,254,231,40,5,253,35,205
12880 DATA 227,10,227,205,205,8,193,201,253,126
12890 DATA 0,254,36,200,254,37,200,254,40,200
12900 DATA 254,48,216,254,58,63,208,254,64,200
12910 DATA 254,65,216,254,91,63,208,254,95,216
12920 DATA 254,123,63,201,175,205,18,7,134,8
12930 DATA 0,18,19,253,35,123,254,252,48,240
12940 DATA 253,126,0,254,13,200,205,84,11,48
12950 DATA 4,203,169,203,153,254,32,40,228,254
12960 DATA 44,40,224,254,71,56,2,203,153,254
12970 DATA 34,32,5,203,17,63,203,25,203,97
12980 DATA 40,16,203,161,197,213,205,227,10,209
12990 DATA 193,124,181,196,27,12,24,193,13,40
13000 DATA 9,12,32,183,183,244,81,7,24,18
13010 DATA 254,42,40,22,183,244,81,7,254,143
13020 DATA 56,6,254,148,48,2,198,64,254,244
13030 DATA 40,4,254,220,32,2,203,241,254,164
13040 DATA 40,9,254,242,40,5,205,94,11,56
13050 DATA 2,203,233,254,38,32,2,203,217,33
13060 DATA 18,12,197,1,6,0,237,177,193,32
13070 DATA 2,203,225,33,22,12,197,1,5,0
13080 DATA 237,177,193,32,2,203,193,195,115,11
13090 DATA 229,228,247,252,140,139,245,133,58,203
13100 DATA 225,235,54,141,35,122,230,192,15,15
13110 DATA 71,123,230,192,176,15,15,238,84,119
13120 DATA 35,123,230,63,246,64,119,35,122,230
13130 DATA 63,246,64,119,35,235,201,42,238,98
13140 DATA 126,35,183,200,205,175,8,24,247,227
13150 DATA 205,68,12,227,201,153,6,51,5,209
13160 DATA 6,98,5,179,6,184,6,224,5,223
13170 DATA 6,90,21,16,20,37,20,52,20,85
13180 DATA 20,104,20,102,64,220,20,239,20,204
13190 DATA 12,234,19,211,20,78,64,199,19,131
13200 DATA 13,131,13,48,14,84,64,50,13,31
13210 DATA 18,87,64,116,16,47,16,24,16,90
13220 DATA 64,154,19,170,18,163,13,209,17,93
13230 DATA 64,96,64,185,16,178,15,178,20,99
13240 DATA 64,221,14,66,17,73,19,131,13,74
13250 DATA 16,228,19,242,19,58,16,199,12,209
13260 DATA 19,81,64,152,20,82,16,141,20,111
13270 DATA 13,205,228,22,40,13,205,191,30,62
13280 DATA 13,18,237,123,228,98,205,165,7,237
13290 DATA 123,228,98,221,33,246,98,237,95,32
13300 DATA 29,60,7,7,221,119,3,159,221,119
13310 DATA 4,205,238,7,33,0,0,34,236,98
13320 DATA 42,220,98,62,220,205,162,23,34,240
13330 DATA 98,253,42,220,98,205,66,13,253,34
13340 DATA 244,98,205,72,64,205,154,36,253,35
13350 DATA 254,58,40,247,254,13,40,233,214,198
13360 DATA 56,111,135,79,6,0,33,83,12,9
13370 DATA 126,35,102,111,205,154,36,233,205,230
13380 DATA 8,124,181,202,145,0,30,0,205,45
13390 DATA 64,195,144,0,253,126,0,1,3,0
13400 DATA 253,9,183,40,229,42,232,98,124,181
13410 DATA 200,253,86,255,253,94,254,237,82,216
13420 DATA 235,62,91,205,150,8,205,35,9,62
13430 DATA 93,205,150,8,62,32,195,150,8,205
13440 DATA 191,30,62,13,18,33,0,96,205,33
13450 DATA 64,24,141,253,229,225,205,33,64,253
13460 DATA 229,225,62,13,71,237,177,229,253,225
13470 DATA 195,7,13,254,197,40,238,254,100,40
13480 DATA 228,254,119,40,76,254,149,40,30,253
13490 DATA 43,205,108,21,202,10,13,56,54,245
13500 DATA 205,248,22,229,205,191,30,221,225,241
13510 DATA 205,169,21,195,10,13,205,66,13,253
13520 DATA 34,244,98,205,72,64,205,235,23,56
13530 DATA 22,254,13,40,237,33,254,98,126,230
13540 DATA 15,246,48,119,24,223,205,97,9,200
13550 DATA 210,82,9,62,16,33,62,17,195,253
13560 DATA 6,205,166,29,67,235,217,235,193,33
13570 DATA 196,22,183,237,66,40,25,33,66,17
13580 DATA 183,237,66,62,7,32,227,253,225,253
13590 DATA 34,244,98,235,217,235,17,0,96,88
13600 DATA 8,201,221,225,193,120,183,250,35,14
13610 DATA 225,217,225,217,205,128,21,24,205,33
13620 DATA 0,0,57,213,89,205,172,21,209,249
13630 DATA 24,192,205,97,9,56,123,202,184,14
13640 DATA 205,159,10,229,221,225,253,126,0,254
13650 DATA 40,122,32,114,229,245,17,1,0,66
13660 DATA 253,35,197,213,221,229,205,182,30,203
13670 DATA 124,32,87,217,35,221,225,221,35,221
13680 DATA 117,0,221,35,221,116,0,193,205,197
13690 DATA 23,56,70,235,193,4,253,126,0,254
13700 DATA 44,40,213,205,94,36,241,221,35,221
13710 DATA 227,221,112,0,205,184,23,225,56,43
13720 DATA 25,56,40,229,36,40,36,237,114,48
13730 DATA 32,225,34,226,98,122,179,40,6,43
13740 DATA 54,0,27,24,246,205,154,36,254,44
13750 DATA 194,10,13,253,35,205,154,36,24,128
13760 DATA 62,10,33,62,11,195,253,6,183,40
13770 DATA 245,250,176,14,71,253,126,255,254,41
13780 DATA 120,40,233,42,226,98,217,33,0,0
13790 DATA 76,205,128,21,205,182,30,217,35,235
13800 DATA 42,226,98,24,171,254,35,32,107,205
13810 DATA 227,23,205,154,36,254,44,194,10,13
13820 DATA 253,35,213,205,166,29,8,250,19,15
13830 DATA 209,197,217,125,217,205,36,64,217,124
13840 DATA 217,205,36,64,125,205,36,64,124,205
13850 DATA 36,64,193,121,205,36,64,24,209,75
13860 DATA 209,33,0,96,12,13,40,9,126,35
13870 DATA 197,205,36,64,193,24,244,62,13,205
13880 DATA 36,64,24,184,6,2,24,34,1,0
13890 DATA 1,24,29,33,0,98,175,190,40,16
13900 DATA 58,251,98,183,40,10,150,40,7,48
13910 DATA 251,237,68,205,76,23,58,0,98,79
13920 DATA 6,0,205,228,22,40,56,203,128,253
13930 DATA 35,254,126,40,205,254,59,40,205,254
13940 DATA 44,40,206,205,5,23,40,230,253,43
13950 DATA 197,205,166,29,8,250,137,15,209,213
13960 DATA 203,74,245,204,184,35,241,196,117,35
13970 DATA 193,197,121,147,212,76,23,193,205,90
13980 DATA 23,24,195,203,64,204,143,8,195,10
13990 DATA 13,253,35,33,0,0,34,236,98,205
14000 DATA 154,36,254,135,253,35,202,10,13,253
14010 DATA 43,253,34,236,98,195,131,13,254,133
14020 DATA 40,225,205,182,30,253,126,0,253,35
14030 DATA 30,44,254,229,40,11,254,228,40,7
14040 DATA 30,242,187,62,39,32,65,87,217,229
14050 DATA 217,193,120,180,181,32,39,177,40,36
14060 DATA 13,40,13,205,228,22,40,28,253,35
14070 DATA 187,32,246,13,32,243,123,254,242,40
14080 DATA 34,213,205,205,30,209,122,254,229,40
14090 DATA 38,205,240,22,24,50,253,126,0,253
14100 DATA 35,254,139,202,172,19,254,13,32,242
14110 DATA 62,40,195,253,6,62,238,195,66,17
14120 DATA 205,205,30,205,228,22,194,225,13,217
14130 DATA 205,205,8,229,253,225,202,7,13,62
14140 DATA 41,24,225,205,205,30,253,229,205,225
14150 DATA 21,205,27,16,209,33,58,16,183,237
14160 DATA 82,253,225,202,10,13,62,38,24,198
14170 DATA 253,229,205,225,21,205,10,13,193,197
14180 DATA 33,82,16,183,237,66,62,43,32,178
14190 DATA 205,182,30,205,65,35,193,209,32,5
14200 DATA 213,197,213,253,225,195,10,13,62,34
14210 DATA 24,156,205,108,21,32,247,245,253,126
14220 DATA 0,254,184,62,36,32,141,253,35,221
14230 DATA 229,205,175,30,221,225,241,71,197,229
14240 DATA 33,0,0,76,217,229,33,1,0,217
14250 DATA 253,126,0,254,136,32,9,253,35,221
14260 DATA 229,205,175,30,221,225,197,229,217,229
14270 DATA 217,253,229,221,229,205,225,21,205,10
14280 DATA 13,193,33,185,16,183,237,66,62,32
14290 DATA 32,119,205,228,22,225,229,197,229,196
14300 DATA 97,9,209,235,183,237,82,32,84,213
14310 DATA 221,33,8,0,221,57,205,231,31,221
14320 DATA 126,11,221,225,205,111,31,203,122,245
14330 DATA 62,11,205,190,36,56,74,241,245,205
14340 DATA 128,21,221,33,14,0,221,57,205,231
14350 DATA 31,241,204,57,35,62,8,205,190,36
14360 DATA 56,49,36,32,17,33,18,0,57,249
14370 DATA 205,154,36,254,44,194,10,13,253,35
14380 DATA 24,155,193,209,253,225,253,229,213,197
14390 DATA 195,10,13,33,18,0,57,249,193,33
14400 DATA 185,16,237,66,225,229,197,40,152,62
14410 DATA 33,195,253,6,245,205,70,17,245,205
14420 DATA 70,17,205,225,21,253,43,253,229,205
14430 DATA 253,9,193,40,57,62,30,56,228,197
14440 DATA 42,220,98,62,221,205,162,23,56,33
14450 DATA 229,253,225,253,35,205,154,36,205,253
14460 DATA 9,253,229,209,56,9,196,159,10,253
14470 DATA 229,209,115,35,114,235,62,13,71,237
14480 DATA 177,24,216,253,225,205,253,9,62,29
14490 DATA 32,175,94,35,86,33,2,0,57,205
14500 DATA 154,36,213,253,227,209,254,40,32,27
14510 DATA 205,154,36,254,40,194,225,13,253,229
14520 DATA 193,217,205,114,22,205,94,36,217,197
14530 DATA 253,225,229,205,253,21,225,115,35,126
14540 DATA 114,254,238,194,10,13,213,253,227,205
14550 DATA 240,22,253,227,209,114,43,115,195,10
14560 DATA 13,193,197,33,66,17,183,237,66,40
14570 DATA 19,33,70,17,183,237,66,40,11,33
14580 DATA 196,22,183,237,66,62,12,194,253,6
14590 DATA 253,229,193,217,253,43,205,114,22,217
14600 DATA 197,253,225,205,97,9,194,225,13,183
14610 DATA 8,205,224,35,8,245,244,128,21,241
14620 DATA 89,252,172,21,205,154,36,254,44,194
14630 DATA 10,13,253,35,205,154,36,24,220,193
14640 DATA 33,196,22,183,237,66,40,16,33,70
14650 DATA 17,183,237,66,253,225,202,10,13,62
14660 DATA 13,195,253,6,221,225,193,120,183,250
14670 DATA 73,18,225,217,225,217,205,128,21,24
14680 DATA 214,33,0,0,57,89,205,172,21,249
14690 DATA 24,203,205,227,23,205,154,36,254,44
14700 DATA 194,10,13,253,35,205,154,36,213,205
14710 DATA 218,13,209,245,229,183,250,145,18,205
14720 DATA 39,64,217,111,217,205,39,64,217,103
14730 DATA 217,205,39,64,111,205,39,64,103,205
14740 DATA 39,64,79,221,225,241,213,205,128,21
14750 DATA 209,24,198,33,0,96,205,39,64,254
14760 DATA 13,40,4,119,44,32,245,221,225,241
14770 DATA 213,235,205,169,21,209,24,173,254,35
14780 DATA 40,166,14,0,254,134,32,4,253,35
14790 DATA 14,128,33,0,97,54,13,205,228,22
14800 DATA 202,10,13,253,35,254,44,40,81,254
14810 DATA 59,40,77,229,254,34,32,10,197,205
14820 DATA 177,31,193,205,90,23,24,5,205,5
14830 DATA 23,32,5,225,203,193,24,210,253,43
14840 DATA 197,205,218,13,193,225,245,126,35,254
14850 DATA 13,204,30,19,203,121,245,196,120,23
14860 DATA 241,204,103,23,241,197,229,183,250,21
14870 DATA 19,245,221,229,205,104,33,221,225,241
14880 DATA 205,128,21,24,3,205,169,21,225,193
14890 DATA 203,129,24,159,203,65,32,10,62,63
14900 DATA 205,150,8,62,32,205,150,8,33,0
14910 DATA 97,197,229,221,229,205,30,64,221,225
14920 DATA 225,193,71,175,50,251,98,184,200,126
14930 DATA 254,13,200,35,16,249,201,254,35,202
14940 DATA 84,18,42,240,98,126,35,254,13,204
14950 DATA 142,19,229,205,218,13,225,183,250,116
14960 DATA 19,229,253,227,245,221,229,205,175,30
14970 DATA 221,225,241,205,128,21,253,227,24,7
14980 DATA 205,103,23,229,205,169,21,225,34,240
14990 DATA 98,205,154,36,254,44,194,10,13,253
15000 DATA 35,205,154,36,24,195,62,220,205,162
15010 DATA 23,35,208,62,42,195,253,6,205,182
15020 DATA 30,205,65,35,40,21,253,126,0,254
15030 DATA 140,194,10,13,253,35,205,154,36,254
15040 DATA 141,194,10,13,195,24,16,253,126,0
15050 DATA 254,13,253,35,202,7,13,254,139,32
15060 DATA 242,24,229,205,0,64,175,50,251,98
15070 DATA 195,10,13,205,77,12,13,10,250,0
15080 DATA 205,230,8,205,16,9,205,143,8,195
15090 DATA 145,0,205,65,12,195,10,13,205,238
15100 DATA 7,42,220,98,24,19,42,220,98,205
15110 DATA 228,22,40,11,205,205,30,217,205,205
15120 DATA 8,62,41,32,146,62,220,205,162,23
15130 DATA 34,240,98,195,10,13,205,217,23,205
15140 DATA 248,22,123,245,205,182,30,229,217,209
15150 DATA 241,205,63,64,195,10,13,205,248,22
15160 DATA 205,182,30,217,46,0,34,220,98,195
15170 DATA 10,13,254,36,40,15,205,248,22,205
15180 DATA 182,30,229,217,209,205,3,64,195,10
15190 DATA 13,253,35,205,248,22,205,191,30,205
15200 DATA 114,64,195,10,13,205,248,22,205,182
15210 DATA 30,205,238,7,217,34,224,98,34,226
15220 DATA 98,195,10,13,205,248,22,205,182,30
15230 DATA 217,237,91,226,98,20,175,237,82,25
15240 DATA 218,253,6,237,91,228,98,34,228,98
15250 DATA 235,237,114,194,10,13,235,249,195,10
15260 DATA 13,205,182,30,217,125,50,252,98,195
15270 DATA 10,13,253,35,33,0,0,254,238,40
15280 DATA 10,254,135,40,7,253,43,205,182,30
15290 DATA 217,43,34,232,98,195,10,13,205,182
15300 DATA 30,217,125,205,21,64,253,126,0,254
15310 DATA 44,40,8,254,59,32,6,124,205,21
15320 DATA 64,253,35,205,228,22,32,226,195,10
15330 DATA 13,205,217,23,205,45,64,195,10,13
15340 DATA 205,217,23,213,205,82,36,205,182,30
15350 DATA 217,125,209,205,36,64,195,10,13,205
15360 DATA 182,30,217,229,6,0,17,0,97,205
15370 DATA 154,36,254,44,32,23,253,35,4,205
15380 DATA 154,36,197,213,205,218,13,209,193,19
15390 DATA 18,19,235,115,35,114,235,24,226,120
15400 DATA 50,0,97,225,205,38,21,195,10,13
15410 DATA 205,205,30,217,229,253,227,36,33,85
15420 DATA 21,229,221,33,0,98,204,51,64,221
15430 DATA 78,24,197,241,221,126,4,221,70,8
15440 DATA 221,78,12,221,86,16,221,94,20,221
15450 DATA 102,32,221,110,48,221,33,0,97,253
15460 DATA 233,253,225,175,79,201,205,182,30,217
15470 DATA 229,205,82,36,205,182,30,217,193,237
15480 DATA 105,195,10,13,205,97,9,216,196,82
15490 DATA 9,183,248,245,205,248,22,229,205,175
15500 DATA 30,221,225,241,203,71,40,19,191,221
15510 DATA 113,4,217,221,117,0,221,116,1,217
15520 DATA 221,117,2,221,116,3,201,245,12,13
15530 DATA 196,93,33,241,254,4,40,230,191,217
15540 DATA 221,117,0,217,201,33,0,96,31,48
15550 DATA 63,229,205,123,31,123,217,111,124,217
15560 DATA 187,48,20,217,101,217,229,6,0,79
15570 DATA 9,237,75,226,98,237,66,225,55,40
15580 DATA 2,96,105,205,136,21,6,0,75,235
15590 DATA 225,13,12,200,237,176,208,237,83,226
15600 DATA 98,229,42,226,98,36,237,114,225,216
15610 DATA 175,195,253,6,75,221,229,209,175,71
15620 DATA 185,40,2,237,176,62,13,18,201,62
15630 DATA 255,245,253,35,19,213,205,154,36,205
15640 DATA 97,9,56,56,196,82,9,209,229,183
15650 DATA 245,213,253,227,250,43,22,205,175,30
15660 DATA 253,227,209,241,217,229,217,229,71,197
15670 DATA 205,225,21,24,13,205,191,30,253,227
15680 DATA 217,209,217,241,205,1,36,217,205,154
15690 DATA 36,254,44,32,10,26,254,44,40,188
15700 DATA 62,31,195,253,6,205,94,36,26,254
15710 DATA 41,32,243,19,217,193,120,60,217,200
15720 DATA 217,61,250,104,22,225,217,225,217,221
15730 DATA 225,205,128,21,24,235,205,32,36,221
15740 DATA 225,205,169,21,24,225,209,253,35,205
15750 DATA 154,36,213,217,197,213,229,217,205,218
15760 DATA 13,217,225,209,193,217,209,183,250,153
15770 DATA 22,217,229,217,71,205,111,31,217,227
15780 DATA 217,229,197,24,38,245,213,217,229,217
15790 DATA 205,249,31,217,225,217,75,209,205,225
15800 DATA 21,241,33,0,0,69,237,66,57,249
15810 DATA 71,197,40,9,213,17,0,96,235,69
15820 DATA 237,176,209,221,229,205,196,22,205,225
15830 DATA 21,205,154,36,254,44,40,165,235,233
15840 DATA 253,126,0,254,32,200,254,44,200,254
15850 DATA 41,200,254,59,200,254,92,200,24,6
15860 DATA 205,154,36,254,139,208,254,58,208,254
15870 DATA 13,201,205,228,22,200,253,35,24,248
15880 DATA 205,154,36,253,35,254,61,200,62,4
15890 DATA 195,253,6,254,138,40,12,254,137,40
15900 DATA 56,254,39,192,205,143,8,175,201,197
15910 DATA 205,182,30,217,193,253,126,0,254,44
15920 DATA 40,17,205,94,36,125,33,251,98,190
15930 DATA 200,245,220,143,8,241,150,24,25,253
15940 DATA 35,197,229,205,182,30,217,209,193,205
15950 DATA 94,36,205,9,64,175,201,197,205,205
15960 DATA 30,217,125,193,183,200,197,71,62,32
15970 DATA 205,150,8,16,249,193,175,201,33,0
15980 DATA 96,28,29,200,126,35,205,150,8,24
15990 DATA 247,245,197,229,253,227,205,132,23,205
16000 DATA 154,36,253,227,225,193,241,201,17,0
16010 DATA 96,126,18,254,13,200,35,28,24,247
16020 DATA 205,154,36,254,34,253,35,202,177,31
16030 DATA 253,43,17,0,96,253,126,0,18,254
16040 DATA 44,200,254,13,200,253,35,28,24,241
16050 DATA 6,0,78,12,13,40,12,35,35,35
16060 DATA 190,200,13,13,13,9,195,164,23,43
16070 DATA 55,201,254,5,98,107,41,216,41,216
16080 DATA 235,192,25,235,201,235,33,0,0,62
16090 DATA 16,41,216,203,35,203,18,48,2,9
16100 DATA 216,61,32,243,201,205,154,36,254,35
16110 DATA 62,45,194,253,6,253,35,205,205,30
16120 DATA 217,235,201,205,97,27,253,35,254,58
16130 DATA 40,247,254,93,200,254,13,200,253,43
16140 DATA 221,42,64,98,33,254,98,203,118,40
16150 DATA 4,221,42,60,98,221,229,253,229,205
16160 DATA 159,24,193,209,216,205,97,27,55,192
16170 DATA 253,43,253,35,253,126,0,205,234,22
16180 DATA 32,246,58,254,98,221,229,225,183,237
16190 DATA 82,235,229,42,64,98,229,25,34,64
16200 DATA 98,203,119,40,7,42,60,98,25,34
16210 DATA 60,98,225,221,225,203,103,40,160,124
16220 DATA 205,139,24,125,205,132,24,175,187,40
16230 DATA 21,58,251,98,254,17,62,5,212,38
16240 DATA 23,221,126,0,205,132,24,221,35,29
16250 DATA 32,235,62,18,205,38,23,253,229,225
16260 DATA 237,66,10,205,175,8,3,45,32,248
16270 DATA 205,143,8,195,235,23,205,139,24,62
16280 DATA 32,24,17,245,15,15,15,15,205,148
16290 DATA 24,241,230,15,198,144,39,206,64,39
16300 DATA 195,175,8,254,46,32,22,253,35,221
16310 DATA 229,205,218,13,245,205,224,35,217,42
16320 DATA 64,98,217,241,205,128,21,221,225,205
16330 DATA 97,27,200,254,214,14,196,253,35,202
16340 DATA 176,25,253,43,33,115,27,205,24,27
16350 DATA 216,72,22,0,214,39,48,7,254,232
16360 DATA 212,126,26,24,104,214,10,48,15,254
16370 DATA 249,220,8,27,216,205,221,26,216,205
16380 DATA 130,26,24,85,214,3,48,6,205,252
16390 DATA 26,216,24,75,214,10,48,50,254,253
16400 DATA 6,7,212,144,26,120,254,7,32,16
16410 DATA 205,221,26,121,48,40,238,70,205,132
16420 DATA 26,205,192,26,24,120,230,63,254,12
16430 DATA 55,192,121,254,128,14,9,40,205,238
16440 DATA 28,15,79,205,126,26,24,196,214,2
16450 DATA 48,20,205,227,26,121,210,132,26,238
16460 DATA 100,7,7,7,79,205,0,27,216,121
16470 DATA 24,127,214,2,48,33,254,255,204,115
16480 DATA 26,8,205,227,26,216,8,220,115,26
16490 DATA 36,40,232,120,254,7,55,192,121,238
16500 DATA 3,7,7,7,205,176,26,24,37,214
16510 DATA 2,48,36,254,255,196,233,26,121,48
16520 DATA 2,62,24,205,176,26,205,192,26,237
16530 DATA 91,64,98,19,55,237,82,125,23,159
16540 DATA 188,62,1,194,253,6,125,24,50,71
16550 DATA 32,22,205,233,26,121,48,11,120,230
16560 DATA 63,254,6,62,233,40,32,62,195,205
16570 DATA 176,26,24,5,16,12,205,203,25,205
16580 DATA 192,26,205,146,25,124,24,11,16,11
16590 DATA 205,192,26,161,180,32,200,125,177,24
16600 DATA 120,16,10,205,233,26,121,48,112,246
16610 DATA 9,24,108,16,108,205,21,27,48,95
16620 DATA 205,227,26,8,205,97,27,254,40,40
16630 DATA 29,8,210,10,25,14,1,205,0,27
16640 DATA 216,62,14,184,71,204,252,26,120,230
16650 DATA 63,254,12,121,32,169,62,249,24,61
16660 DATA 8,197,212,221,26,121,193,48,119,14
16670 DATA 10,205,0,27,205,90,26,48,146,205
16680 DATA 192,26,14,2,205,252,26,205,90,26
16690 DATA 216,205,176,26,24,142,5,202,21,25
16700 DATA 16,133,205,192,26,33,254,98,79,237
16710 DATA 111,121,237,103,201,254,4,220,126,26
16720 DATA 120,24,109,16,227,221,229,205,191,30
16730 DATA 221,225,33,0,96,175,187,200,126,35
16740 DATA 205,176,26,29,24,245,120,56,14,120
16750 DATA 230,63,254,12,121,200,205,126,26,121
16760 DATA 246,67,201,254,7,55,192,121,246,48
16770 DATA 201,197,205,144,26,203,104,193,40,68
16780 DATA 38,255,62,237,24,46,62,203,254,118
16790 DATA 55,200,205,176,26,20,240,123,24,32
16800 DATA 229,33,186,28,205,24,27,225,216,203
16810 DATA 120,200,203,88,229,204,183,26,93,225
16820 DATA 62,221,203,112,40,2,62,253,183,20
16830 DATA 87,248,221,119,0,221,35,183,201,253
16840 DATA 126,0,254,41,33,0,0,200,205,97
16850 DATA 27,197,213,221,229,205,182,30,221,225
16860 DATA 217,209,193,125,183,201,205,144,26,216
16870 DATA 120,230,63,254,8,63,201,205,210,26
16880 DATA 216,24,47,205,210,26,216,24,38,205
16890 DATA 144,26,216,120,230,31,214,16,48,27
16900 DATA 254,241,55,192,62,3,24,19,205,144
16910 DATA 26,216,120,230,15,214,8,216,24,7
16920 DATA 205,192,26,254,8,63,216,7,7,7
16930 DATA 177,79,201,33,255,28,205,97,27,6
16940 DATA 0,55,200,254,221,40,4,254,133,63
16950 DATA 216,126,183,40,240,253,174,0,230,95
16960 DATA 40,9,203,126,35,40,251,35,4,24
16970 DATA 236,253,229,203,126,253,35,35,32,16
16980 DATA 190,204,96,27,126,253,174,0,230,95
16990 DATA 40,237,253,225,24,222,205,208,22,196
17000 DATA 109,27,32,244,120,70,225,201,35,205
17010 DATA 208,22,192,205,220,22,200,253,35,24
17020 DATA 244,254,43,200,254,45,201,78,79,208
17030 DATA 0,82,76,67,193,7,69,88,0,65
17040 DATA 70,0,65,70,167,8,82,82,67,193
17050 DATA 15,82,76,193,23,82,82,193,31,68
17060 DATA 65,193,39,67,80,204,47,83,67,198
17070 DATA 55,67,67,198,63,72,65,76,212,118
17080 DATA 69,88,216,217,69,88,0,68,69,0
17090 DATA 72,204,235,68,201,243,69,201,251,78
17100 DATA 69,199,68,73,77,0,176,70,82,69
17110 DATA 84,206,69,82,69,84,201,77,73,77
17120 DATA 0,177,86,73,77,0,178,94,82,82
17130 DATA 196,103,82,76,196,111,76,68,201,160
17140 DATA 67,80,201,161,73,78,201,162,79,85
17150 DATA 84,201,163,76,68,196,168,67,80,196
17160 DATA 169,73,78,196,170,79,85,84,196,171
17170 DATA 76,68,73,210,176,67,80,73,210,177
17180 DATA 73,78,73,210,178,79,84,73,210,179
17190 DATA 76,68,68,210,184,67,80,68,210,185
17200 DATA 73,78,68,210,186,79,84,68,210,187
17210 DATA 66,73,212,64,82,69,211,128,83,69
17220 DATA 212,192,82,76,195,0,82,82,195,8
17230 DATA 82,204,16,82,210,24,83,76,193,32
17240 DATA 83,82,193,40,83,82,204,56,80,79
17250 DATA 208,193,80,85,83,200,197,69,88,0
17260 DATA 40,83,208,227,83,85,194,144,65,78
17270 DATA 196,160,88,79,210,168,79,210,176,67
17280 DATA 208,184,128,160,132,176,65,68,196,128
17290 DATA 65,68,195,136,83,66,195,152,73,78
17300 DATA 195,4,68,69,195,5,73,206,64,79
17310 DATA 85,212,65,74,210,32,68,74,78,218
17320 DATA 16,74,208,194,67,65,76,204,196,82
17330 DATA 83,212,199,82,69,212,192,76,196,64
17340 DATA 93,205,0,93,194,0,79,80,212,0
17350 DATA 93,215,0,0,194,0,195,1,196,2
17360 DATA 197,3,200,4,204,5,40,72,204,6
17370 DATA 193,7,40,73,216,134,40,73,217,198
17380 DATA 66,195,8,68,197,10,72,204,12,73
17390 DATA 216,140,73,217,204,65,198,14,83,208
17400 DATA 14,78,218,16,218,17,78,195,18,80
17410 DATA 207,20,80,197,21,208,22,205,23,40
17420 DATA 195,32,0,73,0,193,71,82,0,193
17430 DATA 79,65,0,201,87,65,0,210,95,40
17440 DATA 66,67,0,193,2,40,68,69,0,193
17450 DATA 18,65,0,40,66,195,10,65,0,40
17460 DATA 68,197,26,0,72,35,161,32,190,32
17470 DATA 115,32,198,32,105,32,110,32,18,33
17480 DATA 78,33,105,64,86,32,70,33,74,33
17490 DATA 50,32,50,33,145,32,26,33,135,32
17500 DATA 140,32,114,33,58,33,182,32,224,35
17510 DATA 62,17,64,32,59,32,11,34,38,33
17520 DATA 99,32,62,33,66,33,22,33,158,32
17530 DATA 156,32,14,33,108,64,27,32,30,33
17540 DATA 159,33,34,33,54,33,42,33,46,33
17550 DATA 120,32,3,33,34,21,101,33,33,32
17560 DATA 137,34,144,34,150,34,215,34,166,34
17570 DATA 242,34,160,35,6,35,38,32,241,32
17580 DATA 249,32,235,32,222,32,255,32,228,32
17590 DATA 205,187,29,254,130,40,3,254,132,192
17600 DATA 205,107,36,205,187,29,205,121,36,24
17610 DATA 238,205,204,29,254,128,192,205,107,36
17620 DATA 205,204,29,205,121,36,24,242,205,43
17630 DATA 30,205,70,36,192,71,253,35,205,154
17640 DATA 36,205,70,36,32,8,253,35,184,202
17650 DATA 225,13,128,71,120,8,250,254,29,8
17660 DATA 214,4,254,58,32,2,198,2,205,109
17670 DATA 36,205,43,30,205,121,36,201,8,61
17680 DATA 230,7,205,1,36,245,205,43,30,8
17690 DATA 242,219,30,241,75,209,33,0,0,57
17700 DATA 67,213,17,0,96,235,205,165,36,209
17710 DATA 235,38,0,57,249,235,175,79,8,253
17720 DATA 126,0,201,205,122,30,254,45,40,8
17730 DATA 254,43,192,8,250,69,30,8,205,107
17740 DATA 36,205,122,30,205,121,36,24,233,8
17750 DATA 253,35,205,1,36,205,122,30,8,242
17760 DATA 219,30,75,209,213,33,0,96,84,121
17770 DATA 183,40,15,69,111,131,95,62,19,218
17780 DATA 253,6,213,29,45,237,184,209,217,193
17790 DATA 205,32,36,217,246,128,8,253,126,0
17800 DATA 24,180,205,151,30,254,42,40,11,254
17810 DATA 47,40,7,254,131,40,3,254,129,192
17820 DATA 205,107,36,205,151,30,205,121,36,24
17830 DATA 230,205,50,31,183,8,205,154,36,254
17840 DATA 94,192,205,107,36,205,50,31,183,8
17850 DATA 205,121,36,24,237,205,166,29,8,240
17860 DATA 24,37,205,166,29,8,242,93,33,24
17870 DATA 28,205,166,29,8,248,24,21,205,50
17880 DATA 31,183,240,24,14,205,50,31,183,242
17890 DATA 93,33,24,5,205,50,31,183,248,62
17900 DATA 6,195,253,6,205,166,29,205,94,36
17910 DATA 8,201,205,224,35,205,51,36,56,24
17920 DATA 253,35,230,15,6,4,217,41,217,237
17930 DATA 106,16,249,217,181,111,217,205,51,36
17940 DATA 48,234,175,201,62,28,195,253,6,205
17950 DATA 198,30,13,12,40,6,124,238,128,103
17960 DATA 175,201,217,124,47,103,125,47,111,217
17970 DATA 124,47,103,125,47,111,217,35,124,181
17980 DATA 217,62,0,192,35,201,205,225,21,205
17990 DATA 154,36,253,35,254,38,40,170,254,45
18000 DATA 40,203,254,43,40,128,254,40,40,150
18010 DATA 254,34,40,99,254,198,210,225,13,254
18020 DATA 141,210,171,36,253,43,254,58,48,8
18030 DATA 254,48,48,116,254,46,40,112,205,97
18040 DATA 9,32,43,183,250,249,31,183,40,24
18050 DATA 14,0,203,71,40,3,221,78,4,217
18060 DATA 221,110,0,221,102,1,217,221,110,2
18070 DATA 221,102,3,201,33,0,0,217,38,0
18080 DATA 221,110,0,217,76,201,218,225,13,58
18090 DATA 254,98,203,111,62,26,32,35,253,35
18100 DATA 205,72,11,48,249,221,33,64,98,175
18110 DATA 79,24,202,17,0,96,253,126,0,253
18120 DATA 35,254,34,40,11,18,28,254,13,32
18130 DATA 241,62,9,195,253,6,253,126,0,254
18140 DATA 52,253,35,40,236,253,43,62,128,201
18150 DATA 253,229,221,225,62,36,205,190,36,56
18160 DATA 228,221,229,253,225,175,201,221,70,4
18170 DATA 217,221,94,0,221,86,1,217,221,94
18180 DATA 2,221,86,3,201,17,0,96,31,48
18190 DATA 16,205,123,31,217,125,217,183,79,62
18200 DATA 128,200,6,0,237,176,201,126,18,35
18210 DATA 254,13,62,128,200,28,32,245,201,205
18220 DATA 12,64,235,24,117,205,12,64,24,112
18230 DATA 205,217,23,205,42,64,202,3,33,195
18240 DATA 224,35,205,217,23,205,39,64,111,24
18250 DATA 89,205,150,34,24,25,205,154,36,254
18260 DATA 40,32,10,205,205,30,217,68,77,237
18270 DATA 104,24,67,205,144,34,24,8,205,214
18280 DATA 30,175,187,202,3,33,42,0,96,24
18290 DATA 49,205,214,30,235,24,43,42,224,98
18300 DATA 24,40,42,228,98,24,35,42,220,98
18310 DATA 24,30,253,126,0,253,35,254,80,194
18320 DATA 225,13,42,222,98,24,15,42,242,98
18330 DATA 24,10,42,253,98,24,3,42,251,98
18340 DATA 38,0,217,175,79,103,111,201,175,33
18350 DATA 62,2,33,62,1,245,205,214,30,62
18360 DATA 13,18,241,198,255,33,0,96,205,48
18370 DATA 64,111,24,222,205,217,23,205,66,64
18380 DATA 24,18,205,217,23,205,60,64,24,10
18390 DATA 253,126,0,254,36,40,9,205,6,64
18400 DATA 213,217,225,175,79,201,253,35,205,111
18410 DATA 64,62,128,201,205,221,35,208,24,31
18420 DATA 205,221,35,200,216,24,24,205,221,35
18430 DATA 216,24,18,205,221,35,40,13,208,24
18440 DATA 10,205,221,35,200,24,4,205,221,35
18450 DATA 192,62,255,217,103,111,217,103,111,60
18460 DATA 79,201,62,35,24,67,62,16,24,58
18470 DATA 62,26,24,54,62,21,24,50,62,27
18480 DATA 24,46,62,28,24,42,62,23,24,38
18490 DATA 62,30,24,34,62,31,24,30,62,20
18500 DATA 24,26,62,29,24,22,62,22,24,18
18510 DATA 62,24,24,14,62,25,24,10,62,18
18520 DATA 24,6,62,19,24,2,62,17,245,205
18530 DATA 198,30,241,205,190,36,218,253,6,175
18540 DATA 201,62,38,24,244,62,39,24,240,205
18550 DATA 214,30,175,18,221,33,0,96,62,36
18560 DATA 24,227,205,214,30,62,13,18,253,229
18570 DATA 17,0,96,253,33,0,96,14,0,205
18580 DATA 119,11,18,19,175,205,1,36,253,33
18590 DATA 2,0,253,57,205,166,29,253,225,253
18600 DATA 57,253,249,253,225,8,201,221,33,246
18610 DATA 98,205,154,36,254,40,40,28,205,120
18620 DATA 31,203,25,6,32,217,237,106,217,237
18630 DATA 106,203,93,40,1,63,16,243,203,17
18640 DATA 205,133,21,175,79,201,205,205,30,221
18650 DATA 33,246,98,203,124,55,32,236,205,65
18660 DATA 35,245,205,57,35,217,205,120,31,196
18670 DATA 173,33,217,14,127,203,124,32,8,217
18680 DATA 41,217,237,106,13,32,244,203,188,241
18690 DATA 200,217,123,61,178,217,179,178,200,6
18700 DATA 0,62,10,205,190,36,218,253,6,205
18710 DATA 93,33,195,40,31,205,79,36,205,1
18720 DATA 36,205,191,30,193,33,0,0,57,197
18730 DATA 67,205,154,36,254,44,62,0,32,23
18740 DATA 253,35,197,229,205,1,36,205,182,30
18750 DATA 193,205,32,36,225,193,217,125,217,183
18760 DATA 40,1,61,17,0,96,205,85,34,209
18770 DATA 40,3,237,98,57,237,114,235,38,0
18780 DATA 57,249,235,205,94,36,195,150,32,197
18790 DATA 6,0,79,9,193,145,48,40,237,68
18800 DATA 79,26,197,6,0,237,177,121,193,32
18810 DATA 27,79,5,184,4,56,21,197,213,229
18820 DATA 5,40,8,19,26,190,32,3,35,16
18830 DATA 248,225,209,193,32,221,175,201,246,255
18840 DATA 201,205,205,30,217,125,24,3,205,15
18850 DATA 64,55,24,7,205,205,30,217,205,24
18860 DATA 64,17,0,96,18,62,128,208,28,201
18870 DATA 205,79,36,205,1,36,205,182,30,193
18880 DATA 205,32,36,217,125,217,183,40,13,61
18890 DATA 111,147,30,0,48,6,237,68,79,205
18900 DATA 253,34,205,154,36,254,44,253,35,40
18910 DATA 11,253,43,205,94,36,62,128,201,205
18920 DATA 79,36,205,1,36,205,182,30,193,205
18930 DATA 32,36,205,94,36,217,125,217,187,48
18940 DATA 2,107,95,62,128,201,205,215,34,208
18950 DATA 28,29,200,75,125,147,111,6,0,98
18960 DATA 88,237,176,62,128,201,205,182,30,205
18970 DATA 82,36,217,125,217,245,205,191,30,205
18980 DATA 94,36,241,183,40,212,61,79,62,128
18990 DATA 200,28,29,200,67,98,46,0,197,126
19000 DATA 35,18,28,62,19,202,253,6,16,245
19010 DATA 193,13,32,240,62,128,201,121,72,71
19020 DATA 235,217,235,217,201,124,181,217,180,181
19030 DATA 217,201,217,253,126,0,253,35,23,23
19040 DATA 103,230,192,253,174,0,253,35,111,124
19050 DATA 23,23,230,192,253,174,0,253,35,103
19060 DATA 217,175,79,103,111,201,253,35,205,198
19070 DATA 30,205,117,35,62,128,201,205,93,33
19080 DATA 1,8,0,17,0,96,197,6,4,175
19090 DATA 217,41,217,237,106,23,16,248,193,13
19100 DATA 248,40,6,183,32,3,184,40,233,198
19110 DATA 144,39,206,64,39,18,19,71,24,222
19120 DATA 205,154,36,254,126,40,195,205,198,30
19130 DATA 221,33,0,98,221,126,3,183,221,33
19140 DATA 218,35,40,4,221,33,0,98,17,0
19150 DATA 96,62,37,205,190,36,218,253,6,221
19160 DATA 203,2,70,62,128,200,121,198,4,187
19170 DATA 40,247,235,54,32,35,235,24,246,9
19180 DATA 0,205,234,35,62,0,217,103,111,217
19190 DATA 103,111,79,201,4,12,5,40,10,13
19200 DATA 40,12,26,190,192,19,35,24,243,183
19210 DATA 13,200,55,201,183,12,201,205,225,21
19220 DATA 221,225,183,33,0,96,84,69,237,82
19230 DATA 57,249,87,213,40,10,75,17,0,96
19240 DATA 235,237,176,205,225,21,221,233,221,225
19250 DATA 33,0,0,68,57,17,0,96,12,13
19260 DATA 40,2,237,176,249,221,233,253,126,0
19270 DATA 254,48,216,254,58,63,208,254,65,216
19280 DATA 214,55,254,16,63,201,254,62,208,254
19290 DATA 61,208,254,60,201,205,191,30,205,154
19300 DATA 36,253,35,254,44,200,62,5,24,10
19310 DATA 205,154,36,253,35,254,41,200,62,27
19320 DATA 195,253,6,253,35,8,250,219,30,8
19330 DATA 227,217,229,217,245,197,233,8,250,219
19340 DATA 30,217,193,217,121,193,71,241,217,235
19350 DATA 225,217,235,225,217,197,217,230,15,205
19360 DATA 190,36,56,212,175,8,253,126,0,201
19370 DATA 253,126,0,254,32,192,253,35,195,154
19380 DATA 36,229,33,154,29,24,6,229,214,141
19390 DATA 33,40,29,197,135,79,6,0,9,126
19400 DATA 35,102,111,193,227,201,253,229,253,33
19410 DATA 0,0,253,57,205,213,36,191,253,225
19420 DATA 201,62,1,253,249,183,55,24,245,254
19430 DATA 42,48,244,254,16,48,7,8,120,177
19440 DATA 196,95,46,8,229,33,245,36,197,135
19450 DATA 79,6,0,9,126,35,102,111,193,227
19460 DATA 201,108,37,207,37,126,37,162,37,144
19470 DATA 37,254,39,11,40,243,39,220,39,22
19480 DATA 40,153,38,242,37,231,39,220,37,55
19490 DATA 39,81,38,37,40,129,43,221,42,2
19500 DATA 43,27,41,79,40,192,41,149,40,75
19510 DATA 42,203,42,48,40,87,40,109,40,38
19520 DATA 41,171,40,254,40,219,46,159,41,26
19530 DATA 40,67,40,125,40,137,43,176,45,108
19540 DATA 46,177,46,194,46,105,37,204,37,123
19550 DATA 37,159,37,141,37,249,39,6,40,238
19560 DATA 39,215,39,17,40,231,38,252,37,226
19570 DATA 39,230,37,173,39,84,38,205,167,45
19580 DATA 124,162,103,125,163,111,217,124,162,103
19590 DATA 125,163,111,217,201,205,167,45,124,170
19600 DATA 103,125,171,111,217,124,170,103,125,171
19610 DATA 111,217,201,205,167,45,124,178,103,125
19620 DATA 179,111,217,124,178,103,125,179,111,217
19630 DATA 201,205,167,45,124,170,203,124,8,203
19640 DATA 124,196,191,45,205,150,46,203,124,196
19650 DATA 191,45,68,77,33,0,0,217,68,77
19660 DATA 33,0,0,62,223,205,235,47,217,14
19670 DATA 0,8,200,195,191,45,205,167,45,205
19680 DATA 162,37,183,205,150,46,14,0,240,195
19690 DATA 191,45,205,30,47,224,205,24,47,205
19700 DATA 99,46,122,238,128,87,24,16,124,238
19710 DATA 128,103,24,10,205,24,47,224,205,30
19720 DATA 47,205,99,46,5,4,200,13,12,202
19730 DATA 150,46,217,1,0,0,217,124,170,245
19740 DATA 120,185,220,150,46,120,203,252,196,151
19750 DATA 45,241,122,203,250,250,40,38,205,24
19760 DATA 47,220,158,46,203,252,24,10,205,30
19770 DATA 47,220,211,45,205,64,46,47,217,235
19780 DATA 33,0,128,183,237,66,235,217,204,144
19790 DATA 46,220,130,46,220,170,46,203,188,13
19800 DATA 12,202,219,46,183,240,203,252,201,205
19810 DATA 99,46,5,4,62,18,202,207,36,13
19820 DATA 12,200,124,170,8,203,250,203,252,197
19830 DATA 66,75,17,0,0,217,66,75,17,0
19840 DATA 0,62,224,205,235,47,217,203,122,217
19850 DATA 204,6,48,235,217,203,56,203,25,183
19860 DATA 237,66,63,235,204,144,46,220,130,46
19870 DATA 193,220,170,46,31,121,152,63,195,32
19880 DATA 39,124,170,8,203,124,196,191,45,205
19890 DATA 150,46,203,124,196,191,45,68,77,33
19900 DATA 0,0,217,68,77,33,0,0,62,223
19910 DATA 205,25,48,217,14,191,205,187,46,32
19920 DATA 13,203,122,32,9,205,150,46,74,8
19930 DATA 240,195,191,45,13,217,203,35,203,18
19940 DATA 217,203,19,203,18,217,237,106,217,237
19950 DATA 106,242,206,38,8,248,203,188,201,5
19960 DATA 4,202,219,46,13,12,200,124,170,8
19970 DATA 203,250,203,252,197,68,77,33,0,0
19980 DATA 217,68,77,33,0,0,62,224,205,25
19990 DATA 48,220,45,48,217,229,33,0,128,183
20000 DATA 237,82,225,204,144,46,220,130,46,193
20010 DATA 220,170,46,31,121,136,56,5,242,219
20020 DATA 46,24,3,250,172,46,198,128,79,202
20030 DATA 219,46,8,203,188,240,203,252,201,205
20040 DATA 150,46,203,124,245,196,191,45,72,6
20050 DATA 32,205,53,47,56,8,16,249,241,217
20060 DATA 44,217,76,201,241,197,235,229,217,235
20070 DATA 229,217,221,33,0,0,221,57,40,66
20080 DATA 197,217,213,217,213,205,108,46,205,55
20090 DATA 42,221,113,4,217,221,117,0,221,116
20100 DATA 1,217,221,117,2,221,116,3,24,29
20110 DATA 197,217,203,35,203,18,213,217,203,19
20120 DATA 203,18,213,62,10,245,205,71,47,205
20130 DATA 213,36,241,205,219,44,220,213,36,209
20140 DATA 217,209,217,121,193,79,16,218,241,241
20150 DATA 241,201,241,241,241,24,147,203,122,245
20160 DATA 205,150,46,205,85,47,13,12,40,238
20170 DATA 62,158,185,56,8,60,205,151,45,8
20180 DATA 242,168,39,205,150,46,205,78,42,205
20190 DATA 94,47,241,205,231,38,195,195,41,205
20200 DATA 229,46,24,3,205,216,46,208,24,56
20210 DATA 205,229,46,24,3,205,216,46,200,216
20220 DATA 24,44,205,229,46,24,3,205,216,46
20230 DATA 216,24,33,205,229,46,24,3,205,216
20240 DATA 46,40,23,208,24,20,205,229,46,24
20250 DATA 3,205,216,46,200,24,9,205,229,46
20260 DATA 24,3,205,216,46,192,33,255,255,217
20270 DATA 33,255,255,217,175,79,201,203,124,200
20280 DATA 13,12,202,191,45,203,188,201,205,176
20290 DATA 45,124,47,103,125,47,111,217,124,47
20300 DATA 103,125,47,111,217,175,201,33,15,73
20310 DATA 217,33,162,218,217,14,129,175,201,205
20320 DATA 95,40,205,231,38,175,201,205,95,40
20330 DATA 205,84,38,175,201,205,108,46,17,46
20340 DATA 101,217,17,211,224,217,6,133,201,205
20350 DATA 187,46,177,200,203,124,194,26,40,205
20360 DATA 219,46,195,130,46,205,166,48,245,205
20370 DATA 237,44,241,254,45,62,0,192,13,12
20380 DATA 202,191,45,124,238,128,103,175,201,13
20390 DATA 12,200,62,159,68,205,151,45,8,160
20400 DATA 252,130,46,120,183,252,191,45,175,79
20410 DATA 201,205,108,46,203,124,62,21,194,207
20420 DATA 36,13,12,200,203,252,203,65,204,158
20430 DATA 46,121,214,128,203,47,198,128,79,197
20440 DATA 235,33,0,0,68,77,217,235,33,0
20450 DATA 0,68,77,62,225,205,76,48,217,203
20460 DATA 120,217,204,76,48,205,133,48,183,205
20470 DATA 6,48,203,27,96,105,217,96,105,220
20480 DATA 130,46,193,220,170,46,31,159,129,79
20490 DATA 203,188,175,201,205,108,46,205,85,47
20500 DATA 205,30,41,205,94,47,205,85,47,205
20510 DATA 150,46,205,41,41,205,94,47,205,84
20520 DATA 38,175,201,205,108,46,205,225,45,28
20530 DATA 28,123,24,14,205,108,46,229,205,225
20540 DATA 45,241,7,7,7,230,4,171,245,203
20550 DATA 188,31,205,181,41,220,236,37,241,245
20560 DATA 230,3,226,115,41,205,85,47,205,79
20570 DATA 47,205,136,47,183,168,17,54,109,38
20580 DATA 222,5,208,115,192,128,136,8,121,157
20590 DATA 170,170,170,125,0,0,0,0,128,205
20600 DATA 94,47,205,94,47,205,231,38,195,149
20610 DATA 41,205,79,47,205,136,47,113,213,120
20620 DATA 76,112,175,148,3,182,118,200,156,170
20630 DATA 42,123,221,255,255,255,126,0,0,0
20640 DATA 0,128,205,94,47,241,230,4,200,13
20650 DATA 12,200,203,252,201,33,0,0,217,33
20660 DATA 0,0,217,14,128,201,17,0,0,217
20670 DATA 17,0,0,217,6,128,201,17,15,73
20680 DATA 217,17,162,218,217,6,127,201,205,108
20690 DATA 46,205,64,42,217,29,1,207,209,217
20700 DATA 229,205,241,45,241,203,123,40,9,23
20710 DATA 218,219,46,62,24,195,207,36,230,128
20720 DATA 179,245,203,188,205,85,47,205,136,47
20730 DATA 114,64,46,148,115,101,111,79,46,118
20740 DATA 55,109,2,136,121,18,229,160,42,123
20750 DATA 20,79,170,170,125,86,253,255,127,126
20760 DATA 254,255,255,255,127,0,0,0,0,128
20770 DATA 205,94,47,241,245,244,55,42,241,242
20780 DATA 34,42,230,127,237,68,198,128,129,56
20790 DATA 5,242,219,46,24,3,250,172,46,198
20800 DATA 128,202,219,46,79,175,201,205,170,41
20810 DATA 205,150,46,195,84,38,17,114,49,217
20820 DATA 17,248,23,217,6,127,201,205,108,46
20830 DATA 62,22,203,124,194,207,36,12,13,202
20840 DATA 207,36,17,4,53,217,17,51,243,217
20850 DATA 205,237,46,121,14,128,56,2,13,60
20860 DATA 245,205,106,47,205,85,47,205,79,47
20870 DATA 205,136,47,72,204,251,116,125,175,174
20880 DATA 255,17,126,140,217,205,76,126,227,169
20890 DATA 170,42,127,0,0,0,0,129,205,94
20900 DATA 47,205,94,47,205,231,38,241,205,85
20910 DATA 47,8,205,219,46,8,214,128,40,27
20920 DATA 48,2,47,60,103,14,135,245,205,82
20930 DATA 46,203,188,205,64,42,205,231,38,241
20940 DATA 48,5,250,195,42,203,252,205,94,47
20950 DATA 205,252,37,175,201,205,75,42,17,91
20960 DATA 94,217,17,169,216,217,6,126,205,231
20970 DATA 38,175,201,205,108,46,205,85,47,205
20980 DATA 71,47,205,231,38,205,170,41,205,236
20990 DATA 37,205,174,40,205,94,47,12,13,62
21000 DATA 2,213,40,112,209,205,58,42,24,3
21010 DATA 205,108,46,229,203,188,17,19,84,217
21020 DATA 17,208,204,217,6,126,205,234,46,6
21030 DATA 0,56,28,17,130,26,217,17,154,121
21040 DATA 217,6,129,205,234,46,56,8,205,55
21050 DATA 42,6,2,195,53,43,205,106,47,6
21060 DATA 1,197,205,85,47,205,79,47,205,136
21070 DATA 47,53,243,216,55,123,145,107,185,170
21080 DATA 124,222,65,151,97,124,123,157,55,146
21090 DATA 125,90,42,204,76,125,92,169,170,170
21100 DATA 126,0,0,0,0,128,205,94,47,205
21110 DATA 94,47,205,231,38,241,205,181,41,31
21120 DATA 245,220,252,37,241,4,31,220,236,37
21130 DATA 241,183,240,203,252,175,201,205,221,42
21140 DATA 62,2,245,24,227,205,108,46,6,0
21150 DATA 203,124,40,6,203,188,62,45,18,19
21160 DATA 175,185,40,71,213,120,245,121,254,161
21170 DATA 48,26,254,155,48,37,47,254,225,56
21180 DATA 2,62,248,198,28,205,175,47,245,205
21190 DATA 231,38,241,71,241,144,24,224,214,32
21200 DATA 205,175,47,245,205,84,38,241,71,241
21210 DATA 128,24,209,62,9,205,175,47,205,234
21220 DATA 46,121,193,79,203,252,220,12,47,209
21230 DATA 203,185,62,0,23,12,8,120,221,203
21240 DATA 2,78,32,8,175,221,190,1,40,10
21250 DATA 62,246,221,134,1,183,250,252,43,175
21260 DATA 245,8,205,53,47,143,254,10,56,5
21270 DATA 214,10,217,44,217,13,32,240,79,124
21280 DATA 230,63,103,241,242,33,44,60,32,28
21290 DATA 62,4,185,62,0,24,21,245,121,206
21300 DATA 48,254,48,40,5,254,58,63,48,8
21310 DATA 227,203,117,227,32,5,62,48,60,61
21320 DATA 245,4,205,187,46,14,32,62,0,32
21330 DATA 187,241,245,62,0,56,181,235,14,255
21340 DATA 22,1,221,94,1,221,203,2,70,32
21350 DATA 50,221,203,2,78,40,17,120,183,40
21360 DATA 4,250,101,44,80,122,221,134,1,95
21370 DATA 254,11,56,23,120,17,1,1,183,250
21380 DATA 137,44,40,13,221,126,1,183,32,2
21390 DATA 62,10,184,56,6,80,88,120,198,129
21400 DATA 79,203,250,29,122,185,48,12,241,40
21410 DATA 3,242,158,44,245,28,29,250,173,44
21420 DATA 62,48,21,226,165,44,54,46,35,119
21430 DATA 35,29,242,140,44,24,227,241,12,77
21440 DATA 32,39,54,69,35,120,61,242,191,44
21450 DATA 54,45,35,237,68,54,48,40,21,254
21460 DATA 10,71,62,58,56,3,35,54,48,52
21470 DATA 190,32,5,54,48,43,52,35,16,245
21480 DATA 35,235,201,221,70,4,217,221,94,0
21490 DATA 221,86,1,217,221,94,2,221,86,3
21500 DATA 201,205,219,46,14,0,205,114,45,254
21510 DATA 46,6,0,204,112,45,254,69,62,0
21520 DATA 204,65,45,203,124,32,8,183,32,5
21530 DATA 184,32,2,185,200,144,129,14,159,205
21540 DATA 82,46,203,188,183,200,250,37,45,205
21550 DATA 175,47,205,231,38,175,201,254,218,56
21560 DATA 10,237,68,205,175,47,205,84,38,175
21570 DATA 201,245,62,38,205,175,47,205,84,38
21580 DATA 241,198,38,24,228,197,71,14,2,221
21590 DATA 35,205,166,48,8,205,156,48,56,23
21600 DATA 120,135,135,128,135,71,221,126,0,221
21610 DATA 35,230,15,128,71,13,242,75,45,6
21620 DATA 100,24,228,8,254,45,120,193,192,237
21630 DATA 68,201,221,35,205,156,48,216,4,221
21640 DATA 35,205,38,47,56,19,13,12,32,15
21650 DATA 230,15,217,6,0,79,9,217,48,230
21660 DATA 35,124,181,32,225,12,205,153,46,24
21670 DATA 219,8,175,8,203,252,205,158,46,185
21680 DATA 200,210,156,45,195,172,46,205,150,46
21690 DATA 205,176,45,205,150,46,13,12,200,203
21700 DATA 124,245,62,159,205,151,45,241,14,0
21710 DATA 200,183,217,213,235,33,0,0,237,82
21720 DATA 209,217,213,235,33,0,0,237,82,209
21730 DATA 201,217,47,229,183,33,0,0,237,66
21740 DATA 68,77,225,24,224,62,150,185,62,23
21750 DATA 218,207,36,205,181,41,217,1,105,33
21760 DATA 217,203,250,203,252,121,14,0,221,33
21770 DATA 0,0,221,229,184,56,58,217,227,237
21780 DATA 66,227,237,82,217,237,82,48,9,217
21790 DATA 227,9,227,237,90,217,237,90,63,203
21800 DATA 17,48,2,203,249,61,184,56,25,227
21810 DATA 41,227,217,237,106,217,237,106,48,213
21820 DATA 183,217,227,237,66,227,237,82,217,237
21830 DATA 82,183,24,220,60,89,79,217,193,217
21840 DATA 203,124,192,217,203,33,203,16,237,106
21850 DATA 217,237,106,13,194,64,46,201,203,124
21860 DATA 192,217,41,217,237,106,13,194,82,46
21870 DATA 201,8,198,42,8,205,150,46,205,108
21880 DATA 46,205,150,46,13,12,192,205,187,46
21890 DATA 200,124,183,252,191,45,14,159,205,82
21900 DATA 46,183,248,203,188,201,217,1,1,0
21910 DATA 9,217,208,197,1,1,0,9,193,201
21920 DATA 183,217,203,197,217,201,121,72,71,235
21930 DATA 217,235,217,201,205,60,47,217,203,24
21940 DATA 203,25,8,176,8,217,12,192,62,20
21950 DATA 195,207,36,205,187,46,200,124,230,128
21960 DATA 246,64,201,124,181,217,180,181,217,201
21970 DATA 120,177,32,10,205,216,46,62,0,200
21980 DATA 62,128,31,201,205,99,46,205,229,46
21990 DATA 24,241,205,4,47,62,0,217,103,111
22000 DATA 217,103,111,79,201,205,247,46,24,241
22010 DATA 121,184,192,237,82,25,192,217,237,82
22020 DATA 25,217,201,124,170,124,23,248,48,236
22030 DATA 205,234,46,200,63,201,124,170,242,237
22040 DATA 46,124,23,201,5,12,205,72,47,205
22050 DATA 59,47,205,59,47,8,217,25,217,237
22060 DATA 90,201,217,183,237,82,217,237,82,201
22070 DATA 205,72,47,205,53,47,216,205,53,47
22080 DATA 216,205,24,47,216,217,41,217,237,106
22090 DATA 201,12,203,60,203,29,217,203,28,203
22100 DATA 29,217,201,65,84,93,217,84,93,217
22110 DATA 201,205,71,47,205,231,38,221,225,197
22120 DATA 229,217,229,217,221,233,221,225,217,209
22130 DATA 217,209,121,193,65,79,221,233,205,85
22140 DATA 47,205,170,41,205,252,37,205,94,47
22150 DATA 205,85,47,205,150,46,205,170,41,205
22160 DATA 230,37,205,94,47,195,84,38,221,33
22170 DATA 2,0,221,57,221,227,205,219,44,205
22180 DATA 231,38,17,5,0,221,25,205,219,44
22190 DATA 221,227,4,5,250,252,37,205,252,37
22200 DATA 205,219,44,221,227,24,228,60,8,229
22210 DATA 217,229,217,205,170,41,205,150,46,175
22220 DATA 8,61,40,32,242,199,47,185,56,26
22230 DATA 60,8,60,203,252,205,14,47,48,5
22240 DATA 8,205,59,47,8,8,220,130,46,12
22250 DATA 250,188,47,195,172,46,205,150,46,203
22260 DATA 186,217,225,217,225,8,201,183,237,66
22270 DATA 217,237,66,217,48,5,9,217,237,74
22280 DATA 217,63,203,19,203,18,217,203,19,203
22290 DATA 18,217,60,240,237,106,217,237,106,217
22300 DATA 48,222,183,237,66,217,237,66,217,55
22310 DATA 195,250,47,183,217,203,26,203,27,217
22320 DATA 203,26,203,27,48,5,9,217,237,74
22330 DATA 217,60,240,217,203,28,203,29,217,203
22340 DATA 28,203,29,195,26,48,237,66,217,237
22350 DATA 66,217,12,48,7,13,9,217,237,74
22360 DATA 217,13,60,240,203,33,203,16,217,203
22370 DATA 17,203,16,217,12,203,35,203,18,217
22380 DATA 203,19,203,18,217,237,106,217,237,106
22390 DATA 217,203,35,203,18,217,203,19,203,18
22400 DATA 217,237,106,217,237,106,217,210,58,48
22410 DATA 183,237,66,217,237,66,217,12,195,74
22420 DATA 48,41,217,237,106,217,56,238,60,12
22430 DATA 237,66,217,237,66,217,208,9,217,237
22440 DATA 74,217,13,201,221,126,0,254,58,63
22450 DATA 216,254,48,201,221,126,0,221,35,254
22460 DATA 32,40,247,254,43,200,254,45,200,221
22470 DATA 43,201,0,0,0,0,0,0,0,0
22480 DATA 0,0,0,0,0,0,0,0,0,0
22490 DATA 0,0,0,0,0,0,0,0,0,0
22500 DATA 0,0,0,0,0,0,0,0,0,0
22510 DATA 0,0,0,0,0,0,0,0,0,0
22520 DATA 0,0,0,0,0,0,0,0,0,0
22530 DATA 0,0,0,0,0,0,0,0,0,0
22540 DATA 0,0,0,0,0,0,0,0,0,0
22550 DATA 0,0,0,0,0,0,0,0,0,0
22560 DATA 0,0,0,0,0,0,0,0,0,0
22570 DATA 0,0,0,0,0,0,0,0,0,0
22580 DATA 0,0,0,0,0,0,0,0,0,0
22590 DATA 0,0,0,0,0,0,0,0,0,0
22600 DATA 0,0,0,0,0,0,0,0,0,0
22610 DATA 0,0,0,0,0,0,0,0,0,0
22620 DATA 0,0,0,0,0,0,0,0,0,0
22630 DATA 0,0,0,0,0,0,0,0,0,0
22640 DATA 0,0,0,0,0,0,0,0,0,0
22650 DATA 0,0,0,0,0,0,0,0,0,0
22660 DATA 0,0,0,0,0,0,0,0,0,0
22670 DATA 0,0,0,0,0,0,0,0,0,0
22680 DATA 0,0,0,0,0,0,0,0,0,0
22690 DATA 0,0,0,0,0,0,0,0,0,0
22700 DATA 0,0,0,0,0,0,0,0,0,0
22710 DATA 0,0,0,0,0,0,0,0,0,0
22720 DATA 0,0,0,0,0,0,0,0,0,0
22730 DATA 0,0,0,0,0,0,0,0,0,0
22740 DATA 0,0,0,0,0,0,0,0,0,0
22750 DATA 0,0,0,0,0,0,0,0,0,0
22760 DATA 0,0,0,0,0,0,0,0,0,0
22770 DATA 0,0,0,0,0,0,0,0,0,0
22780 DATA 0,0,0,0,0,0,0,0,0,0
22790 DATA 0,0,0,0,0,0,0,0,0,0
22800 DATA 0,0,0,0,0,0,0,0,0,0
22810 DATA 0,0,0,0,0,0,0,0,0,0
22820 DATA 0,0,0,0,0,0,0,0,0,0
22830 DATA 0,0,0,0,0,0,0,0,0,0
22840 DATA 0,0,0,0,0,0,0,0,0,0
22850 DATA 0,0,0,0,0,0,0,0,0,0
22860 DATA 0,0,0,0,0,0,0,0,0,0
22870 DATA 0,0,0,0,0,0,0,0,0,0
22880 DATA 0,0,0,0,0,0,0,0,0,0
22890 DATA 0,0,0,0,0,0,0,0,0,0
22900 DATA 0,0,0,0,0,0,0,0,0,0
22910 DATA 0,0,0,0,0,0,0,0,0,0
22920 DATA 0,0,0,0,0,0,0,0,0,0
22930 DATA 0,0,0,0,0,0,0,0,0,0
22940 DATA 0,0,0,0,0,0,0,0,0,0
22950 DATA 0,0,0,0,0,0,0,0,0,0
22960 DATA 0,0,0,0,0,0,0,0,0,0
22970 DATA 0,0,0,0,0,0,0,0,0,0
22980 DATA 0,0,0,0,0,0,0,0,0,0
22990 DATA 0,0,0,0,0,0,0,0,0,0
23000 DATA 0,0,0,0,0,0,0,0,0,0
23010 DATA 0,0,0,0,0,0,0,0,0,0
23020 DATA 0,0,0,0,0,0,0,0,0,0
23030 DATA 0,0,0,0,0,0,0,0,0,0
23040 DATA 0,0,0,0,0,0,0,0,0,0
23050 DATA 0,0,0,0,0,0,0,0,0,0
23060 DATA 0,0,0,0,0,0,0,0,0,0
23070 DATA 0,0,0,0,0,0,0,0,0,0
23080 DATA 0,0,0,0,0,0,0,0,0,0
23090 DATA 0,0,0,0,0,0,0,0,0,0
23100 DATA 0,0,0,0,0,0,0,0,0,0
23110 DATA 0,0,0,0,0,0,0,0,0,0
23120 DATA 0,0,0,0,0,0,0,0,0,0
23130 DATA 0,0,0,0,0,0,0,0,0,0
23140 DATA 0,0,0,0,0,0,0,0,0,0
23150 DATA 0,0,0,0,0,0,0,0,0,0
23160 DATA 0,0,0,0,0,0,0,0,0,0
23170 DATA 0,0,0,0,0,0,0,0,0,0
23180 DATA 0,0,0,0,0,0,0,0,0,0
23190 DATA 0,0,0,0,0,0,0,0,0,0
23200 DATA 0,0,0,0,0,0,0,0,0,0
23210 DATA 0,0,0,0,0,0,0,0,0,0
23220 DATA 0,0,0,0,0,0,0,0,0,0
23230 DATA 0,0,0,0,0,0,0,0,0,0
