10 Reserve top-33280
20 For i=0 to 13486
30 Read a:poke 33280+i,a
40 next i
50 ?"type CALL TOP to run your code."
100 END
10000 DATA 205,78,142,66,83,88,32,66,114,101
10010 DATA 97,100,98,111,97,114,100,32,67,111
10020 DATA 109,112,117,116,101,114,32,48,46,49
10030 DATA 10,13,10,13,0,33,0,3,249,54
10040 DATA 10,44,54,9,44,175,119,44,32,252
10050 DATA 62,55,50,254,3,33,110,130,34,238
10060 DATA 3,205,13,179,237,83,228,3,34,220
10070 DATA 3,205,231,137,194,211,142,205,78,142
10080 DATA 66,66,67,32,66,65,83,73,67,32
10090 DATA 40,90,56,48,41,32,86,101,114,115
10100 DATA 105,111,110,32,51,46,48,48,10,13
10110 DATA 40,67,41,32,67,111,112,121,114,105
10120 DATA 103,104,116,32,82,46,84,46,82,117
10130 DATA 115,115,101,108,108,32,49,57,56,55
10140 DATA 10,13,10,13,0,246,55,237,123,228
10150 DATA 3,205,215,178,33,254,3,126,230,15
10160 DATA 246,48,119,237,98,34,236,3,34,244
10170 DATA 3,42,234,3,34,230,3,124,181,40
10180 DATA 23,229,205,40,139,225,237,75,255,3
10190 DATA 6,0,9,218,9,141,34,234,3,62
10200 DATA 32,205,151,138,33,0,1,205,22,179
10210 DATA 175,50,251,3,253,33,0,1,205,228
10220 DATA 140,205,155,166,124,181,40,3,34,230
10230 DATA 3,17,0,2,14,1,205,120,141,18
10240 DATA 175,71,75,19,18,42,230,3,124,181
10250 DATA 253,33,0,2,202,11,143,197,229,205
10260 DATA 203,137,225,205,206,138,204,139,137,193
10270 DATA 121,183,202,146,130,198,4,79,213,197
10280 DATA 235,42,222,3,229,9,229,36,175,237
10290 DATA 114,225,210,254,136,34,222,3,227,229
10300 DATA 35,183,237,82,68,77,225,209,40,2
10310 DATA 237,184,193,209,35,113,35,115,35,114
10320 DATA 35,17,0,2,235,13,13,13,237,176
10330 DATA 205,192,137,195,146,130,128,65,78,68
10340 DATA 148,65,66,83,149,65,67,83,150,65
10350 DATA 68,86,65,76,151,65,83,67,152,65
10360 DATA 83,78,153,65,84,78,198,65,85,84
10370 DATA 79,154,66,71,69,84,0,213,66,80
10380 DATA 85,84,0,251,67,79,76,79,85,82
10390 DATA 251,67,79,76,79,82,214,67,65,76
10400 DATA 76,215,67,72,65,73,78,189,67,72
10410 DATA 82,36,216,67,76,69,65,82,0,217
10420 DATA 67,76,79,83,69,0,218,67,76,71
10430 DATA 0,219,67,76,83,0,155,67,79,83
10440 DATA 156,67,79,85,78,84,0,220,68,65
10450 DATA 84,65,157,68,69,71,221,68,69,70
10460 DATA 199,68,69,76,69,84,69,129,68,73
10470 DATA 86,222,68,73,77,223,68,82,65,87
10480 DATA 225,69,78,68,80,82,79,67,0,224
10490 DATA 69,78,68,0,226,69,78,86,69,76
10500 DATA 79,80,69,139,69,76,83,69,160,69
10510 DATA 86,65,76,158,69,82,76,0,133,69
10520 DATA 82,82,79,82,197,69,79,70,0,130
10530 DATA 69,79,82,159,69,82,82,0,161,69
10540 DATA 88,80,162,69,88,84,0,227,70,79
10550 DATA 82,163,70,65,76,83,69,0,164,70
10560 DATA 78,229,71,79,84,79,190,71,69,84
10570 DATA 36,165,71,69,84,228,71,79,83,85
10580 DATA 66,230,71,67,79,76,147,72,73,77
10590 DATA 69,77,0,232,73,78,80,85,84,231
10600 DATA 73,70,191,73,78,75,69,89,36,166
10610 DATA 73,78,75,69,89,168,73,78,84,167
10620 DATA 73,78,83,84,82,40,201,76,73,83
10630 DATA 84,134,76,73,78,69,200,76,79,65
10640 DATA 68,146,76,79,77,69,77,0,234,76
10650 DATA 79,67,65,76,192,76,69,70,84,36
10660 DATA 40,169,76,69,78,233,76,69,84,171
10670 DATA 76,79,71,170,76,78,193,77,73,68
10680 DATA 36,40,235,77,79,68,69,131,77,79
10690 DATA 68,236,77,79,86,69,237,78,69,88
10700 DATA 84,202,78,69,87,0,172,78,79,84
10710 DATA 203,79,76,68,0,238,79,78,135,79
10720 DATA 70,70,132,79,82,142,79,80,69,78
10730 DATA 73,78,174,79,80,69,78,79,85,84
10740 DATA 173,79,80,69,78,85,80,255,79,83
10750 DATA 67,76,73,241,80,82,73,78,84,144
10760 DATA 80,65,71,69,0,143,80,84,82,0
10770 DATA 175,80,73,0,240,80,76,79,84,176
10780 DATA 80,79,73,78,84,40,242,80,82,79
10790 DATA 67,177,80,79,83,0,206,80,85,84
10800 DATA 248,82,69,84,85,82,78,0,245,82
10810 DATA 69,80,69,65,84,246,82,69,80,79
10820 DATA 82,84,0,243,82,69,65,68,244,82
10830 DATA 69,77,249,82,85,78,0,178,82,65
10840 DATA 68,247,82,69,83,84,79,82,69,194
10850 DATA 82,73,71,72,84,36,40,179,82,78
10860 DATA 68,0,204,82,69,78,85,77,66,69
10870 DATA 82,136,83,84,69,80,205,83,65,86
10880 DATA 69,180,83,71,78,181,83,73,78,182
10890 DATA 83,81,82,137,83,80,67,195,83,84
10900 DATA 82,36,196,83,84,82,73,78,71,36
10910 DATA 40,212,83,79,85,78,68,250,83,84
10920 DATA 79,80,0,183,84,65,78,140,84,72
10930 DATA 69,78,184,84,79,138,84,65,66,40
10940 DATA 252,84,82,65,67,69,145,84,73,77
10950 DATA 69,0,185,84,82,85,69,0,253,85
10960 DATA 78,84,73,76,186,85,83,82,239,86
10970 DATA 68,85,187,86,65,76,188,86,80,79
10980 DATA 83,0,254,87,73,68,84,72,211,72
10990 DATA 73,77,69,77,210,76,79,77,69,77
11000 DATA 208,80,65,71,69,207,80,84,82,209
11010 DATA 84,73,77,69,1,77,105,115,115,105
11020 DATA 110,103,32,2,78,111,32,115,117,99
11030 DATA 104,32,3,66,97,100,32,4,32,114
11040 DATA 97,110,103,101,5,118,97,114,105,97
11050 DATA 98,108,101,6,79,117,116,32,111,102
11060 DATA 7,78,111,32,8,32,115,112,97,99
11070 DATA 101,255,255,7,114,111,111,109,0,6
11080 DATA 4,0,0,0,77,105,115,116,97,107
11090 DATA 101,0,1,44,0,84,121,112,101,32
11100 DATA 109,105,115,109,97,116,99,104,0,7
11110 DATA 164,0,0,1,34,0,3,222,0,222
11120 DATA 8,0,78,111,116,32,234,0,7,242
11130 DATA 0,65,114,114,97,121,0,83,117,98
11140 DATA 115,99,114,105,112,116,0,83,121,110
11150 DATA 116,97,120,32,101,114,114,111,114,0
11160 DATA 69,115,99,97,112,101,0,68,105,118
11170 DATA 105,115,105,111,110,32,98,121,32,122
11180 DATA 101,114,111,0,83,116,114,105,110,103
11190 DATA 32,116,111,111,32,108,111,110,103,0
11200 DATA 84,111,111,32,98,105,103,0,45,118
11210 DATA 101,32,114,111,111,116,0,76,111,103
11220 DATA 4,0,65,99,99,117,114,97,99,121
11230 DATA 32,108,111,115,116,0,69,120,112,4
11240 DATA 0,0,2,5,0,1,41,0,3,72
11250 DATA 69,88,0,2,164,47,242,0,3,99
11260 DATA 97,108,108,0,65,114,103,117,109,101
11270 DATA 110,116,115,0,7,227,0,67,97,110
11280 DATA 39,116,32,109,97,116,99,104,32,227
11290 DATA 0,227,32,5,0,0,7,184,0,0
11300 DATA 7,228,0,238,32,115,121,110,116,97
11310 DATA 120,0,238,4,0,2,108,105,110,101
11320 DATA 0,6,32,220,0,7,245,0,0,1
11330 DATA 35,0,205,203,137,205,49,141,126,183
11340 DATA 40,113,35,94,35,86,122,179,40,26
11350 DATA 43,43,235,55,237,66,235,48,96,197
11360 DATA 205,139,137,193,24,228,253,35,205,183
11370 DATA 160,217,125,50,254,3,195,146,130,254
11380 DATA 79,40,239,205,49,141,205,155,166,254
11390 DATA 231,62,0,32,21,253,35,205,155,166
11400 DATA 235,253,229,225,62,13,197,1,0,1
11410 DATA 237,177,121,47,193,235,95,120,177,32
11420 DATA 1,11,217,221,33,254,3,1,0,0
11430 DATA 217,62,20,197,213,229,8,126,183,40
11440 DATA 14,123,35,94,35,86,43,43,213,235
11450 DATA 55,237,66,235,209,210,145,130,78,71
11460 DATA 122,179,202,146,130,35,35,35,13,13
11470 DATA 13,13,213,229,175,184,253,229,209,196
11480 DATA 86,164,225,209,253,229,204,7,138,253
11490 DATA 225,8,61,205,0,179,225,94,22,0
11500 DATA 25,209,193,24,184,205,239,137,205,14
11510 DATA 141,217,42,220,3,237,91,224,3,126
11520 DATA 183,40,48,35,78,35,70,120,177,202
11530 DATA 146,130,235,113,35,112,35,217,229,9
11540 DATA 218,9,141,217,193,113,35,112,35,235
11550 DATA 43,43,175,71,78,9,235,229,36,237
11560 DATA 114,225,235,56,210,205,19,137,204,8
11570 DATA 0,235,54,255,35,54,255,237,91,224
11580 DATA 3,217,42,220,3,78,121,183,202,145
11590 DATA 130,217,235,35,35,94,35,86,35,213
11600 DATA 235,34,230,3,217,209,35,115,35,114
11610 DATA 35,13,13,13,6,0,62,141,237,177
11620 DATA 32,219,197,229,229,253,225,217,205,73
11630 DATA 165,217,68,77,42,224,3,94,35,86
11640 DATA 35,235,183,237,66,235,94,35,86,35
11650 DATA 56,241,235,40,25,205,78,142,70,97
11660 DATA 105,108,101,100,32,97,116,32,0,42
11670 DATA 230,3,205,36,139,205,144,138,24,6
11680 DATA 209,213,27,205,28,142,225,193,24,182
11690 DATA 205,14,141,34,234,3,121,50,255,3
11700 DATA 24,41,205,78,142,3,112,114,111,103
11710 DATA 114,97,109,13,10,0,205,231,137,24
11720 DATA 22,42,220,3,229,35,35,35,1,252
11730 DATA 0,62,13,237,177,32,221,125,225,119
11740 DATA 205,192,137,195,146,130,205,192,160,62
11750 DATA 13,18,205,166,137,205,239,137,24,27
11760 DATA 205,203,137,205,192,160,62,13,18,237
11770 DATA 91,220,3,42,222,3,183,237,82,68
11780 DATA 77,33,0,1,205,173,179,195,145,130
11790 DATA 237,123,228,3,33,49,134,183,40,10
11800 DATA 71,8,175,190,35,32,252,16,250,8
11810 DATA 229,225,34,238,3,237,123,228,3,50
11820 DATA 253,3,205,231,138,34,242,3,183,40
11830 DATA 11,42,236,3,124,181,229,253,225,194
11840 DATA 11,143,33,0,0,34,234,3,34,232
11850 DATA 3,205,173,179,205,144,138,205,66,142
11860 DATA 205,17,139,30,0,220,173,179,205,144
11870 DATA 138,195,146,130,33,80,131,253,126,0
11880 DATA 70,35,190,40,8,216,35,203,126,40
11890 DATA 251,24,240,253,229,35,203,126,32,27
11900 DATA 253,35,253,126,0,254,46,40,18,190
11910 DATA 40,239,205,85,141,56,4,253,225,24
11920 DATA 221,126,183,32,248,253,43,241,175,120
11930 DATA 201,213,229,229,6,0,78,9,229,235
11940 DATA 42,222,3,237,82,68,77,225,209,237
11950 DATA 176,237,83,222,3,225,209,201,237,91
11960 DATA 220,3,33,0,255,57,237,82,68,77
11970 DATA 33,0,1,205,173,179,212,231,137,62
11980 DATA 0,210,254,136,205,203,137,43,54,255
11990 DATA 43,54,255,24,36,42,220,3,6,0
12000 DATA 62,13,78,12,13,40,9,9,43,190
12010 DATA 35,40,245,195,166,136,35,35,35,34
12020 DATA 222,3,201,42,220,3,54,0,205,224
12030 DATA 137,229,42,222,3,34,224,3,34,226
12040 DATA 3,33,108,3,197,6,112,54,0,35
12050 DATA 16,251,193,225,201,229,235,197,205,40
12060 DATA 139,193,225,126,254,237,204,115,138,254
12070 DATA 253,204,115,138,217,62,32,221,203,0
12080 DATA 70,196,151,138,120,135,221,203,0,78
12090 DATA 196,77,153,121,135,221,203,0,86,196
12100 DATA 77,153,217,126,254,227,204,115,138,254
12110 DATA 245,204,115,138,30,0,126,35,254,13
12120 DATA 40,70,254,34,32,1,28,205,103,138
12130 DATA 24,240,229,253,225,197,205,73,165,193
12140 DATA 217,197,205,36,139,193,217,253,229,225
12150 DATA 201,203,67,32,44,254,141,40,229,205
12160 DATA 176,138,126,217,254,227,40,8,254,237
12170 DATA 32,5,5,242,129,138,4,254,245,40
12180 DATA 8,254,253,32,5,13,242,142,138,12
12190 DATA 217,201,62,13,205,151,138,62,10,205
12200 DATA 217,178,214,13,40,5,216,58,251,3
12210 DATA 60,50,251,3,200,229,42,252,3,189
12220 DATA 225,192,24,224,254,138,234,151,138,197
12230 DATA 229,33,80,131,1,223,2,237,177,126
12240 DATA 35,254,138,245,236,151,138,241,234,191
12250 DATA 138,225,193,201,235,42,220,3,175,190
12260 DATA 60,208,175,71,78,229,35,126,35,102
12270 DATA 111,237,82,225,208,9,195,216,138,6
12280 DATA 0,237,91,244,3,42,220,3,183,237
12290 DATA 82,25,48,22,78,12,13,40,17,9
12300 DATA 237,82,25,56,245,237,66,35,94,35
12310 DATA 86,235,34,230,3,201,33,0,0,24
12320 DATA 247,42,230,3,124,181,200,205,78,142
12330 DATA 32,97,116,32,108,105,110,101,32,0
12340 DATA 14,0,24,2,14,32,6,5,17,16
12350 DATA 39,175,237,82,60,48,251,25,61,40
12360 DATA 4,203,225,203,233,177,196,151,138,120
12370 DATA 254,5,40,6,41,84,93,41,41,25
12380 DATA 17,232,3,16,222,55,201,205,160,140
12390 DATA 253,126,0,254,40,32,104,62,14,195
12400 DATA 254,136,253,126,0,254,36,40,98,254
12410 DATA 33,40,98,254,63,40,98,205,24,140
12420 DATA 192,253,126,0,254,40,32,65,213,126
12430 DATA 183,40,220,35,17,0,0,245,253,35
12440 DATA 24,4,245,205,83,166,229,213,205,183
12450 DATA 160,217,209,227,78,35,70,35,227,235
12460 DATA 213,205,198,153,209,25,235,183,237,66
12470 DATA 62,15,48,181,225,241,61,32,219,205
12480 DATA 95,166,241,229,205,185,153,225,25,87
12490 DATA 253,126,0,254,63,40,29,254,33,40
12500 DATA 21,229,221,225,122,191,201,62,128,24
12510 DATA 5,62,4,24,1,175,33,0,0,245
12520 DATA 24,21,6,4,24,2,6,0,229,221
12530 DATA 225,122,254,129,200,197,205,112,161,205
12540 DATA 94,163,217,229,253,35,205,206,160,217
12550 DATA 209,241,25,229,221,225,191,201,253,126
12560 DATA 1,205,85,141,216,253,126,0,33,216
12570 DATA 3,254,164,40,67,33,218,3,254,242
12580 DATA 40,60,55,201,214,64,216,38,0,254
12590 DATA 27,48,29,135,111,253,126,1,254,37
12600 DATA 32,32,253,126,2,254,40,40,25,41
12610 DATA 17,0,3,25,253,35,253,35,22,4
12620 DATA 175,201,254,31,216,254,59,63,61,216
12630 DATA 214,3,135,111,17,108,3,45,45,55
12640 DATA 248,25,94,35,86,122,179,40,69,98
12650 DATA 107,35,35,253,229,126,35,253,35,253
12660 DATA 190,0,40,247,183,40,6,253,225,235
12670 DATA 195,82,140,253,43,253,126,0,254,40
12680 DATA 40,19,253,35,205,73,141,56,12,254
12690 DATA 40,40,230,253,126,1,205,85,141,48
12700 DATA 222,209,253,126,1,254,36,22,129,200
12710 DATA 254,37,22,4,200,20,191,201,60,201
12720 DATA 175,237,91,226,3,114,43,115,235,119
12730 DATA 35,119,35,253,35,205,73,141,56,20
12740 DATA 119,35,205,85,141,48,242,254,40,40
12750 DATA 9,253,126,1,254,40,40,231,253,35
12760 DATA 54,0,35,229,205,142,140,62,5,186
12770 DATA 40,1,61,54,0,35,61,32,250,34
12780 DATA 226,3,205,226,151,225,175,201,205,155
12790 DATA 166,33,0,0,253,126,0,214,48,216
12800 DATA 254,10,208,253,35,84,93,41,56,15
12810 DATA 41,56,12,25,56,9,41,56,6,95
12820 DATA 22,0,25,48,225,62,20,195,254,136
12830 DATA 205,228,140,124,181,32,2,46,10,205
12840 DATA 229,152,253,35,229,33,10,0,196,228
12850 DATA 140,227,193,120,177,192,205,19,137,83
12860 DATA 105,108,108,121,0,205,228,140,229,205
12870 DATA 229,152,40,9,254,231,40,5,253,35
12880 DATA 205,228,140,227,205,206,138,193,201,253
12890 DATA 126,0,254,36,200,254,37,200,254,40
12900 DATA 200,254,48,216,254,58,63,208,254,64
12910 DATA 200,254,65,216,254,91,63,208,254,95
12920 DATA 216,254,123,63,201,175,205,19,137,134
12930 DATA 8,0,18,19,253,35,123,254,252,48
12940 DATA 240,253,126,0,254,13,200,205,85,141
12950 DATA 48,4,203,169,203,153,254,32,40,228
12960 DATA 254,44,40,224,254,71,56,2,203,153
12970 DATA 254,34,32,5,203,17,63,203,25,203
12980 DATA 97,40,16,203,161,197,213,205,228,140
12990 DATA 209,193,124,181,196,28,142,24,193,13
13000 DATA 40,9,12,32,183,183,244,82,137,24
13010 DATA 18,254,42,40,22,183,244,82,137,254
13020 DATA 143,56,6,254,148,48,2,198,64,254
13030 DATA 244,40,4,254,220,32,2,203,241,254
13040 DATA 164,40,9,254,242,40,5,205,95,141
13050 DATA 56,2,203,233,254,38,32,2,203,217
13060 DATA 33,19,142,197,1,6,0,237,177,193
13070 DATA 32,2,203,225,33,23,142,197,1,5
13080 DATA 0,237,177,193,32,2,203,193,195,116
13090 DATA 141,229,228,247,252,140,139,245,133,58
13100 DATA 203,225,235,54,141,35,122,230,192,15
13110 DATA 15,71,123,230,192,176,15,15,238,84
13120 DATA 119,35,123,230,63,246,64,119,35,122
13130 DATA 230,63,246,64,119,35,235,201,42,238
13140 DATA 3,126,35,183,200,205,176,138,24,247
13150 DATA 227,205,69,142,227,201,154,136,52,135
13160 DATA 210,136,99,135,180,136,185,136,225,135
13170 DATA 224,136,91,151,17,150,38,150,53,150
13180 DATA 86,150,105,150,185,178,221,150,240,150
13190 DATA 205,142,235,149,212,150,185,178,200,149
13200 DATA 132,143,132,143,49,144,185,178,51,143
13210 DATA 32,148,185,178,117,146,48,146,25,146
13220 DATA 185,178,155,149,171,148,164,143,210,147
13230 DATA 185,178,185,178,186,146,179,145,179,150
13240 DATA 185,178,222,144,67,147,74,149,132,143
13250 DATA 75,146,229,149,243,149,59,146,200,142
13260 DATA 210,149,185,178,153,150,83,146,142,150
13270 DATA 112,143,205,229,152,40,13,205,192,160
13280 DATA 62,13,18,237,123,228,3,205,166,137
13290 DATA 237,123,228,3,221,33,246,3,237,95
13300 DATA 32,29,60,7,7,221,119,3,159,221
13310 DATA 119,4,205,239,137,33,0,0,34,236
13320 DATA 3,42,220,3,62,220,205,163,153,34
13330 DATA 240,3,253,42,220,3,205,67,143,253
13340 DATA 34,244,3,205,253,178,205,155,166,253
13350 DATA 35,254,58,40,247,254,13,40,233,214
13360 DATA 198,56,111,135,79,6,0,33,84,142
13370 DATA 9,126,35,102,111,205,155,166,233,205
13380 DATA 231,138,124,181,202,146,130,30,0,205
13390 DATA 173,179,195,145,130,253,126,0,1,3
13400 DATA 0,253,9,183,40,229,42,232,3,124
13410 DATA 181,200,253,86,1,253,94,2,237,82
13420 DATA 216,235,62,91,205,151,138,205,36,139
13430 DATA 62,93,205,151,138,62,32,195,151,138
13440 DATA 205,192,160,62,13,18,33,0,1,205
13450 DATA 46,179,24,141,253,229,225,205,46,179
13460 DATA 253,229,225,62,13,71,237,177,229,253
13470 DATA 225,195,8,143,254,197,40,238,254,100
13480 DATA 40,228,254,119,40,76,254,149,40,30
13490 DATA 253,43,205,109,151,202,11,143,56,54
13500 DATA 245,205,249,152,229,205,192,160,221,225
13510 DATA 241,205,170,151,195,11,143,205,67,143
13520 DATA 253,34,244,3,205,253,178,205,236,153
13530 DATA 56,22,254,13,40,237,33,254,3,126
13540 DATA 230,15,246,48,119,24,223,205,98,139
13550 DATA 200,210,83,139,62,16,33,62,17,195
13560 DATA 254,136,205,167,159,67,235,217,235,193
13570 DATA 33,197,152,183,237,66,40,25,33,67
13580 DATA 147,183,237,66,62,7,32,227,253,225
13590 DATA 253,34,244,3,235,217,235,17,0,1
13600 DATA 88,8,201,221,225,193,120,183,250,36
13610 DATA 144,225,217,225,217,205,129,151,24,205
13620 DATA 33,0,0,57,213,89,205,173,151,209
13630 DATA 249,24,192,205,98,139,56,123,202,185
13640 DATA 144,205,160,140,229,221,225,253,126,0
13650 DATA 254,40,122,32,114,229,245,17,1,0
13660 DATA 66,253,35,197,213,221,229,205,183,160
13670 DATA 203,124,32,87,217,35,221,225,221,35
13680 DATA 221,117,0,221,35,221,116,0,193,205
13690 DATA 198,153,56,70,235,193,4,253,126,0
13700 DATA 254,44,40,213,205,95,166,241,221,35
13710 DATA 221,227,221,112,0,205,185,153,225,56
13720 DATA 43,25,56,40,229,36,40,36,237,114
13730 DATA 48,32,225,34,226,3,122,179,40,6
13740 DATA 43,54,0,27,24,246,205,155,166,254
13750 DATA 44,194,11,143,253,35,205,155,166,24
13760 DATA 128,62,10,33,62,11,195,254,136,183
13770 DATA 40,245,250,177,144,71,253,126,1,254
13780 DATA 41,120,40,233,42,226,3,217,33,0
13790 DATA 0,76,205,129,151,205,183,160,217,35
13800 DATA 235,42,226,3,24,171,254,35,32,107
13810 DATA 205,228,153,205,155,166,254,44,194,11
13820 DATA 143,253,35,213,205,167,159,8,250,20
13830 DATA 145,209,197,217,125,217,205,173,179,217
13840 DATA 124,217,205,173,179,125,205,173,179,124
13850 DATA 205,173,179,193,121,205,173,179,24,209
13860 DATA 75,209,33,0,1,12,13,40,9,126
13870 DATA 35,197,205,173,179,193,24,244,62,13
13880 DATA 205,173,179,24,184,6,2,24,34,1
13890 DATA 0,1,24,29,33,0,3,175,190,40
13900 DATA 16,58,251,3,183,40,10,150,40,7
13910 DATA 48,251,237,68,205,77,153,58,0,3
13920 DATA 79,6,0,205,229,152,40,56,203,128
13930 DATA 253,35,254,126,40,205,254,59,40,205
13940 DATA 254,44,40,206,205,6,153,40,230,253
13950 DATA 43,197,205,167,159,8,250,138,145,209
13960 DATA 213,203,74,245,204,185,165,241,196,118
13970 DATA 165,193,197,121,147,212,77,153,193,205
13980 DATA 91,153,24,195,203,64,204,144,138,195
13990 DATA 11,143,253,35,33,0,0,34,236,3
14000 DATA 205,155,166,254,135,253,35,202,11,143
14010 DATA 253,43,253,34,236,3,195,132,143,254
14020 DATA 133,40,225,205,183,160,253,126,0,253
14030 DATA 35,30,44,254,229,40,11,254,228,40
14040 DATA 7,30,242,187,62,39,32,65,87,217
14050 DATA 229,217,193,120,180,181,32,39,177,40
14060 DATA 36,13,40,13,205,229,152,40,28,253
14070 DATA 35,187,32,246,13,32,243,123,254,242
14080 DATA 40,34,213,205,206,160,209,122,254,229
14090 DATA 40,38,205,241,152,24,50,253,126,0
14100 DATA 253,35,254,139,202,173,149,254,13,32
14110 DATA 242,62,40,195,254,136,62,238,195,67
14120 DATA 147,205,206,160,205,229,152,194,226,143
14130 DATA 217,205,206,138,229,253,225,202,8,143
14140 DATA 62,41,24,225,205,206,160,253,229,205
14150 DATA 226,151,205,28,146,209,33,59,146,183
14160 DATA 237,82,253,225,202,11,143,62,38,24
14170 DATA 198,253,229,205,226,151,205,11,143,193
14180 DATA 197,33,83,146,183,237,66,62,43,32
14190 DATA 178,205,183,160,205,66,165,193,209,32
14200 DATA 5,213,197,213,253,225,195,11,143,62
14210 DATA 34,24,156,205,109,151,32,247,245,253
14220 DATA 126,0,254,184,62,36,32,141,253,35
14230 DATA 221,229,205,176,160,221,225,241,71,197
14240 DATA 229,33,0,0,76,217,229,33,1,0
14250 DATA 217,253,126,0,254,136,32,9,253,35
14260 DATA 221,229,205,176,160,221,225,197,229,217
14270 DATA 229,217,253,229,221,229,205,226,151,205
14280 DATA 11,143,193,33,186,146,183,237,66,62
14290 DATA 32,32,119,205,229,152,225,229,197,229
14300 DATA 196,98,139,209,235,183,237,82,32,84
14310 DATA 213,221,33,8,0,221,57,205,232,161
14320 DATA 221,126,11,221,225,205,112,161,203,122
14330 DATA 245,62,11,205,191,166,56,74,241,245
14340 DATA 205,129,151,221,33,14,0,221,57,205
14350 DATA 232,161,241,204,58,165,62,8,205,191
14360 DATA 166,56,49,36,32,17,33,18,0,57
14370 DATA 249,205,155,166,254,44,194,11,143,253
14380 DATA 35,24,155,193,209,253,225,253,229,213
14390 DATA 197,195,11,143,33,18,0,57,249,193
14400 DATA 33,186,146,237,66,225,229,197,40,152
14410 DATA 62,33,195,254,136,245,205,71,147,245
14420 DATA 205,71,147,205,226,151,253,43,253,229
14430 DATA 205,254,139,193,40,57,62,30,56,228
14440 DATA 197,42,220,3,62,221,205,163,153,56
14450 DATA 33,229,253,225,253,35,205,155,166,205
14460 DATA 254,139,253,229,209,56,9,196,160,140
14470 DATA 253,229,209,115,35,114,235,62,13,71
14480 DATA 237,177,24,216,253,225,205,254,139,62
14490 DATA 29,32,175,94,35,86,33,2,0,57
14500 DATA 205,155,166,213,253,227,209,254,40,32
14510 DATA 27,205,155,166,254,40,194,226,143,253
14520 DATA 229,193,217,205,115,152,205,95,166,217
14530 DATA 197,253,225,229,205,254,151,225,115,35
14540 DATA 126,114,254,238,194,11,143,213,253,227
14550 DATA 205,241,152,253,227,209,114,43,115,195
14560 DATA 11,143,193,197,33,67,147,183,237,66
14570 DATA 40,19,33,71,147,183,237,66,40,11
14580 DATA 33,197,152,183,237,66,62,12,194,254
14590 DATA 136,253,229,193,217,253,43,205,115,152
14600 DATA 217,197,253,225,205,98,139,194,226,143
14610 DATA 183,8,205,225,165,8,245,244,129,151
14620 DATA 241,89,252,173,151,205,155,166,254,44
14630 DATA 194,11,143,253,35,205,155,166,24,220
14640 DATA 193,33,197,152,183,237,66,40,16,33
14650 DATA 71,147,183,237,66,253,225,202,11,143
14660 DATA 62,13,195,254,136,221,225,193,120,183
14670 DATA 250,74,148,225,217,225,217,205,129,151
14680 DATA 24,214,33,0,0,57,89,205,173,151
14690 DATA 249,24,203,205,228,153,205,155,166,254
14700 DATA 44,194,11,143,253,35,205,155,166,213
14710 DATA 205,219,143,209,245,229,183,250,146,148
14720 DATA 205,173,179,217,111,217,205,173,179,217
14730 DATA 103,217,205,173,179,111,205,173,179,103
14740 DATA 205,173,179,79,221,225,241,213,205,129
14750 DATA 151,209,24,198,33,0,1,205,173,179
14760 DATA 254,13,40,4,119,44,32,245,221,225
14770 DATA 241,213,235,205,170,151,209,24,173,254
14780 DATA 35,40,166,14,0,254,134,32,4,253
14790 DATA 35,14,128,33,0,2,54,13,205,229
14800 DATA 152,202,11,143,253,35,254,44,40,81
14810 DATA 254,59,40,77,229,254,34,32,10,197
14820 DATA 205,178,161,193,205,91,153,24,5,205
14830 DATA 6,153,32,5,225,203,193,24,210,253
14840 DATA 43,197,205,219,143,193,225,245,126,35
14850 DATA 254,13,204,31,149,203,121,245,196,121
14860 DATA 153,241,204,104,153,241,197,229,183,250
14870 DATA 22,149,245,221,229,205,105,163,221,225
14880 DATA 241,205,129,151,24,3,205,170,151,225
14890 DATA 193,203,129,24,159,203,65,32,10,62
14900 DATA 63,205,151,138,62,32,205,151,138,33
14910 DATA 0,2,197,229,221,229,205,22,179,221
14920 DATA 225,225,193,71,175,50,251,3,184,200
14930 DATA 126,254,13,200,35,16,249,201,254,35
14940 DATA 202,85,148,42,240,3,126,35,254,13
14950 DATA 204,143,149,229,205,219,143,225,183,250
14960 DATA 117,149,229,253,227,245,221,229,205,176
14970 DATA 160,221,225,241,205,129,151,253,227,24
14980 DATA 7,205,104,153,229,205,170,151,225,34
14990 DATA 240,3,205,155,166,254,44,194,11,143
15000 DATA 253,35,205,155,166,24,195,62,220,205
15010 DATA 163,153,35,208,62,42,195,254,136,205
15020 DATA 183,160,205,66,165,40,21,253,126,0
15030 DATA 254,140,194,11,143,253,35,205,155,166
15040 DATA 254,141,194,11,143,195,25,146,253,126
15050 DATA 0,254,13,253,35,202,8,143,254,139
15060 DATA 32,242,24,229,205,195,178,175,50,251
15070 DATA 3,195,11,143,205,78,142,13,10,250
15080 DATA 0,205,231,138,205,17,139,205,144,138
15090 DATA 195,146,130,205,66,142,195,11,143,205
15100 DATA 239,137,42,220,3,24,19,42,220,3
15110 DATA 205,229,152,40,11,205,206,160,217,205
15120 DATA 206,138,62,41,32,146,62,220,205,163
15130 DATA 153,34,240,3,195,11,143,205,218,153
15140 DATA 205,249,152,123,245,205,183,160,229,217
15150 DATA 209,241,205,173,179,195,11,143,205,249
15160 DATA 152,205,183,160,217,46,0,34,220,3
15170 DATA 195,11,143,254,36,40,15,205,249,152
15180 DATA 205,183,160,229,217,209,205,196,178,195
15190 DATA 11,143,253,35,205,249,152,205,192,160
15200 DATA 205,185,178,195,11,143,205,249,152,205
15210 DATA 183,160,205,239,137,217,34,224,3,34
15220 DATA 226,3,195,11,143,205,249,152,205,183
15230 DATA 160,217,237,91,226,3,20,175,237,82
15240 DATA 25,218,254,136,237,91,228,3,34,228
15250 DATA 3,235,237,114,194,11,143,235,249,195
15260 DATA 11,143,205,183,160,217,125,50,252,3
15270 DATA 195,11,143,253,35,33,0,0,254,238
15280 DATA 40,10,254,135,40,7,253,43,205,183
15290 DATA 160,217,43,34,232,3,195,11,143,205
15300 DATA 183,160,217,125,205,217,178,253,126,0
15310 DATA 254,44,40,8,254,59,32,6,124,205
15320 DATA 217,178,253,35,205,229,152,32,226,195
15330 DATA 11,143,205,218,153,205,173,179,195,11
15340 DATA 143,205,218,153,213,205,83,166,205,183
15350 DATA 160,217,125,209,205,173,179,195,11,143
15360 DATA 205,183,160,217,229,6,0,17,0,2
15370 DATA 205,155,166,254,44,32,23,253,35,4
15380 DATA 205,155,166,197,213,205,219,143,209,193
15390 DATA 19,18,19,235,115,35,114,235,24,226
15400 DATA 120,50,0,2,225,205,39,151,195,11
15410 DATA 143,205,206,160,217,229,253,227,36,33
15420 DATA 86,151,229,221,33,0,3,204,173,179
15430 DATA 221,78,24,197,241,221,126,4,221,70
15440 DATA 8,221,78,12,221,86,16,221,94,20
15450 DATA 221,102,32,221,110,48,221,33,0,2
15460 DATA 253,233,253,225,175,79,201,205,183,160
15470 DATA 217,229,205,83,166,205,183,160,217,193
15480 DATA 237,105,195,11,143,205,98,139,216,196
15490 DATA 83,139,183,248,245,205,249,152,229,205
15500 DATA 176,160,221,225,241,203,71,40,19,191
15510 DATA 221,113,4,217,221,117,0,221,116,1
15520 DATA 217,221,117,2,221,116,3,201,245,12
15530 DATA 13,196,94,163,241,254,4,40,230,191
15540 DATA 217,221,117,0,217,201,33,0,1,31
15550 DATA 48,63,229,205,124,161,123,217,111,124
15560 DATA 217,187,48,20,217,101,217,229,6,0
15570 DATA 79,9,237,75,226,3,237,66,225,55
15580 DATA 40,2,96,105,205,137,151,6,0,75
15590 DATA 235,225,13,12,200,237,176,208,237,83
15600 DATA 226,3,229,42,226,3,36,237,114,225
15610 DATA 216,175,195,254,136,75,221,229,209,175
15620 DATA 71,185,40,2,237,176,62,13,18,201
15630 DATA 62,255,245,253,35,19,213,205,155,166
15640 DATA 205,98,139,56,56,196,83,139,209,229
15650 DATA 183,245,213,253,227,250,44,152,205,176
15660 DATA 160,253,227,209,241,217,229,217,229,71
15670 DATA 197,205,226,151,24,13,205,192,160,253
15680 DATA 227,217,209,217,241,205,2,166,217,205
15690 DATA 155,166,254,44,32,10,26,254,44,40
15700 DATA 188,62,31,195,254,136,205,95,166,26
15710 DATA 254,41,32,243,19,217,193,120,60,217
15720 DATA 200,217,61,250,105,152,225,217,225,217
15730 DATA 221,225,205,129,151,24,235,205,33,166
15740 DATA 221,225,205,170,151,24,225,209,253,35
15750 DATA 205,155,166,213,217,197,213,229,217,205
15760 DATA 219,143,217,225,209,193,217,209,183,250
15770 DATA 154,152,217,229,217,71,205,112,161,217
15780 DATA 227,217,229,197,24,38,245,213,217,229
15790 DATA 217,205,250,161,217,225,217,75,209,205
15800 DATA 226,151,241,33,0,0,69,237,66,57
15810 DATA 249,71,197,40,9,213,17,0,1,235
15820 DATA 69,237,176,209,221,229,205,197,152,205
15830 DATA 226,151,205,155,166,254,44,40,165,235
15840 DATA 233,253,126,0,254,32,200,254,44,200
15850 DATA 254,41,200,254,59,200,254,92,200,24
15860 DATA 6,205,155,166,254,139,208,254,58,208
15870 DATA 254,13,201,205,229,152,200,253,35,24
15880 DATA 248,205,155,166,253,35,254,61,200,62
15890 DATA 4,195,254,136,254,138,40,12,254,137
15900 DATA 40,56,254,39,192,205,144,138,175,201
15910 DATA 197,205,183,160,217,193,253,126,0,254
15920 DATA 44,40,17,205,95,166,125,33,251,3
15930 DATA 190,200,245,220,144,138,241,150,24,25
15940 DATA 253,35,197,229,205,183,160,217,209,193
15950 DATA 205,95,166,205,204,178,175,201,197,205
15960 DATA 206,160,217,125,193,183,200,197,71,62
15970 DATA 32,205,151,138,16,249,193,175,201,33
15980 DATA 0,1,28,29,200,126,35,205,151,138
15990 DATA 24,247,245,197,229,253,227,205,133,153
16000 DATA 205,155,166,253,227,225,193,241,201,17
16010 DATA 0,1,126,18,254,13,200,35,28,24
16020 DATA 247,205,155,166,254,34,253,35,202,178
16030 DATA 161,253,43,17,0,1,253,126,0,18
16040 DATA 254,44,200,254,13,200,253,35,28,24
16050 DATA 241,6,0,78,12,13,40,12,35,35
16060 DATA 35,190,200,13,13,13,9,195,165,153
16070 DATA 43,55,201,254,5,98,107,41,216,41
16080 DATA 216,235,192,25,235,201,235,33,0,0
16090 DATA 62,16,41,216,203,35,203,18,48,2
16100 DATA 9,216,61,32,243,201,205,155,166,254
16110 DATA 35,62,45,194,254,136,253,35,205,206
16120 DATA 160,217,235,201,205,98,157,253,35,254
16130 DATA 58,40,247,254,93,200,254,13,200,253
16140 DATA 43,221,42,64,3,33,254,3,203,118
16150 DATA 40,4,221,42,60,3,221,229,253,229
16160 DATA 205,160,154,193,209,216,205,98,157,55
16170 DATA 192,253,43,253,35,253,126,0,205,235
16180 DATA 152,32,246,58,254,3,221,229,225,183
16190 DATA 237,82,235,229,42,64,3,229,25,34
16200 DATA 64,3,203,119,40,7,42,60,3,25
16210 DATA 34,60,3,225,221,225,203,103,40,160
16220 DATA 124,205,140,154,125,205,133,154,175,187
16230 DATA 40,21,58,251,3,254,17,62,5,212
16240 DATA 39,153,221,126,0,205,133,154,221,35
16250 DATA 29,32,235,62,18,205,39,153,253,229
16260 DATA 225,237,66,10,205,176,138,3,45,32
16270 DATA 248,205,144,138,195,236,153,205,140,154
16280 DATA 62,32,24,17,245,15,15,15,15,205
16290 DATA 149,154,241,230,15,198,144,39,206,64
16300 DATA 39,195,176,138,254,46,32,22,253,35
16310 DATA 221,229,205,219,143,245,205,225,165,217
16320 DATA 42,64,3,217,241,205,129,151,221,225
16330 DATA 205,98,157,200,254,214,14,196,253,35
16340 DATA 202,177,155,253,43,33,116,157,205,25
16350 DATA 157,216,72,22,0,214,39,48,7,254
16360 DATA 232,212,127,156,24,104,214,10,48,15
16370 DATA 254,249,220,9,157,216,205,222,156,216
16380 DATA 205,131,156,24,85,214,3,48,6,205
16390 DATA 253,156,216,24,75,214,10,48,50,254
16400 DATA 253,6,7,212,145,156,120,254,7,32
16410 DATA 16,205,222,156,121,48,40,238,70,205
16420 DATA 133,156,205,193,156,24,120,230,63,254
16430 DATA 12,55,192,121,254,128,14,9,40,205
16440 DATA 238,28,15,79,205,127,156,24,196,214
16450 DATA 2,48,20,205,228,156,121,210,133,156
16460 DATA 238,100,7,7,7,79,205,1,157,216
16470 DATA 121,24,127,214,2,48,33,254,255,204
16480 DATA 116,156,8,205,228,156,216,8,220,116
16490 DATA 156,36,40,232,120,254,7,55,192,121
16500 DATA 238,3,7,7,7,205,177,156,24,37
16510 DATA 214,2,48,36,254,255,196,234,156,121
16520 DATA 48,2,62,24,205,177,156,205,193,156
16530 DATA 237,91,64,3,19,55,237,82,125,23
16540 DATA 159,188,62,1,194,254,136,125,24,50
16550 DATA 71,32,22,205,234,156,121,48,11,120
16560 DATA 230,63,254,6,62,233,40,32,62,195
16570 DATA 205,177,156,24,5,16,12,205,204,155
16580 DATA 205,193,156,205,147,155,124,24,11,16
16590 DATA 11,205,193,156,161,180,32,200,125,177
16600 DATA 24,120,16,10,205,234,156,121,48,112
16610 DATA 246,9,24,108,16,108,205,22,157,48
16620 DATA 95,205,228,156,8,205,98,157,254,40
16630 DATA 40,29,8,210,11,155,14,1,205,1
16640 DATA 157,216,62,14,184,71,204,253,156,120
16650 DATA 230,63,254,12,121,32,169,62,249,24
16660 DATA 61,8,197,212,222,156,121,193,48,119
16670 DATA 14,10,205,1,157,205,91,156,48,146
16680 DATA 205,193,156,14,2,205,253,156,205,91
16690 DATA 156,216,205,177,156,24,142,5,202,22
16700 DATA 155,16,133,205,193,156,33,254,3,79
16710 DATA 237,111,121,237,103,201,254,4,220,127
16720 DATA 156,120,24,109,16,227,221,229,205,192
16730 DATA 160,221,225,33,0,1,175,187,200,126
16740 DATA 35,205,177,156,29,24,245,120,56,14
16750 DATA 120,230,63,254,12,121,200,205,127,156
16760 DATA 121,246,67,201,254,7,55,192,121,246
16770 DATA 48,201,197,205,145,156,203,104,193,40
16780 DATA 68,38,255,62,237,24,46,62,203,254
16790 DATA 118,55,200,205,177,156,20,240,123,24
16800 DATA 32,229,33,187,158,205,25,157,225,216
16810 DATA 203,120,200,203,88,229,204,184,156,93
16820 DATA 225,62,221,203,112,40,2,62,253,183
16830 DATA 20,87,248,221,119,0,221,35,183,201
16840 DATA 253,126,0,254,41,33,0,0,200,205
16850 DATA 98,157,197,213,221,229,205,183,160,221
16860 DATA 225,217,209,193,125,183,201,205,145,156
16870 DATA 216,120,230,63,254,8,63,201,205,211
16880 DATA 156,216,24,47,205,211,156,216,24,38
16890 DATA 205,145,156,216,120,230,31,214,16,48
16900 DATA 27,254,241,55,192,62,3,24,19,205
16910 DATA 145,156,216,120,230,15,214,8,216,24
16920 DATA 7,205,193,156,254,8,63,216,7,7
16930 DATA 7,177,79,201,33,0,159,205,98,157
16940 DATA 6,0,55,200,254,221,40,4,254,133
16950 DATA 63,216,126,183,40,240,253,174,0,230
16960 DATA 95,40,9,203,126,35,40,251,35,4
16970 DATA 24,236,253,229,203,126,253,35,35,32
16980 DATA 16,190,204,97,157,126,253,174,0,230
16990 DATA 95,40,237,253,225,24,222,205,209,152
17000 DATA 196,110,157,32,244,120,70,225,201,35
17010 DATA 205,209,152,192,205,221,152,200,253,35
17020 DATA 24,244,254,43,200,254,45,201,78,79
17030 DATA 208,0,82,76,67,193,7,69,88,0
17040 DATA 65,70,0,65,70,167,8,82,82,67
17050 DATA 193,15,82,76,193,23,82,82,193,31
17060 DATA 68,65,193,39,67,80,204,47,83,67
17070 DATA 198,55,67,67,198,63,72,65,76,212
17080 DATA 118,69,88,216,217,69,88,0,68,69
17090 DATA 0,72,204,235,68,201,243,69,201,251
17100 DATA 78,69,199,68,73,77,0,176,70,82
17110 DATA 69,84,206,69,82,69,84,201,77,73
17120 DATA 77,0,177,86,73,77,0,178,94,82
17130 DATA 82,196,103,82,76,196,111,76,68,201
17140 DATA 160,67,80,201,161,73,78,201,162,79
17150 DATA 85,84,201,163,76,68,196,168,67,80
17160 DATA 196,169,73,78,196,170,79,85,84,196
17170 DATA 171,76,68,73,210,176,67,80,73,210
17180 DATA 177,73,78,73,210,178,79,84,73,210
17190 DATA 179,76,68,68,210,184,67,80,68,210
17200 DATA 185,73,78,68,210,186,79,84,68,210
17210 DATA 187,66,73,212,64,82,69,211,128,83
17220 DATA 69,212,192,82,76,195,0,82,82,195
17230 DATA 8,82,204,16,82,210,24,83,76,193
17240 DATA 32,83,82,193,40,83,82,204,56,80
17250 DATA 79,208,193,80,85,83,200,197,69,88
17260 DATA 0,40,83,208,227,83,85,194,144,65
17270 DATA 78,196,160,88,79,210,168,79,210,176
17280 DATA 67,208,184,128,160,132,176,65,68,196
17290 DATA 128,65,68,195,136,83,66,195,152,73
17300 DATA 78,195,4,68,69,195,5,73,206,64
17310 DATA 79,85,212,65,74,210,32,68,74,78
17320 DATA 218,16,74,208,194,67,65,76,204,196
17330 DATA 82,83,212,199,82,69,212,192,76,196
17340 DATA 64,93,205,0,93,194,0,79,80,212
17350 DATA 0,93,215,0,0,194,0,195,1,196
17360 DATA 2,197,3,200,4,204,5,40,72,204
17370 DATA 6,193,7,40,73,216,134,40,73,217
17380 DATA 198,66,195,8,68,197,10,72,204,12
17390 DATA 73,216,140,73,217,204,65,198,14,83
17400 DATA 208,14,78,218,16,218,17,78,195,18
17410 DATA 80,207,20,80,197,21,208,22,205,23
17420 DATA 40,195,32,0,73,0,193,71,82,0
17430 DATA 193,79,65,0,201,87,65,0,210,95
17440 DATA 40,66,67,0,193,2,40,68,69,0
17450 DATA 193,18,65,0,40,66,195,10,65,0
17460 DATA 40,68,197,26,0,73,165,162,162,191
17470 DATA 162,116,162,199,162,106,162,111,162,19
17480 DATA 163,79,163,185,178,87,162,71,163,75
17490 DATA 163,51,162,51,163,146,162,27,163,136
17500 DATA 162,141,162,115,163,59,163,183,162,225
17510 DATA 165,63,147,65,162,60,162,12,164,39
17520 DATA 163,100,162,63,163,67,163,23,163,159
17530 DATA 162,157,162,15,163,185,178,28,162,31
17540 DATA 163,160,163,35,163,55,163,43,163,47
17550 DATA 163,121,162,4,163,35,151,102,163,34
17560 DATA 162,138,164,145,164,151,164,216,164,167
17570 DATA 164,243,164,161,165,7,165,39,162,242
17580 DATA 162,250,162,236,162,223,162,0,163,229
17590 DATA 162,205,188,159,254,130,40,3,254,132
17600 DATA 192,205,108,166,205,188,159,205,122,166
17610 DATA 24,238,205,205,159,254,128,192,205,108
17620 DATA 166,205,205,159,205,122,166,24,242,205
17630 DATA 44,160,205,71,166,192,71,253,35,205
17640 DATA 155,166,205,71,166,32,8,253,35,184
17650 DATA 202,226,143,128,71,120,8,250,255,159
17660 DATA 8,214,4,254,58,32,2,198,2,205
17670 DATA 110,166,205,44,160,205,122,166,201,8
17680 DATA 61,230,7,205,2,166,245,205,44,160
17690 DATA 8,242,220,160,241,75,209,33,0,0
17700 DATA 57,67,213,17,0,1,235,205,166,166
17710 DATA 209,235,38,0,57,249,235,175,79,8
17720 DATA 253,126,0,201,205,123,160,254,45,40
17730 DATA 8,254,43,192,8,250,70,160,8,205
17740 DATA 108,166,205,123,160,205,122,166,24,233
17750 DATA 8,253,35,205,2,166,205,123,160,8
17760 DATA 242,220,160,75,209,213,33,0,1,84
17770 DATA 121,183,40,15,69,111,131,95,62,19
17780 DATA 218,254,136,213,29,45,237,184,209,217
17790 DATA 193,205,33,166,217,246,128,8,253,126
17800 DATA 0,24,180,205,152,160,254,42,40,11
17810 DATA 254,47,40,7,254,131,40,3,254,129
17820 DATA 192,205,108,166,205,152,160,205,122,166
17830 DATA 24,230,205,51,161,183,8,205,155,166
17840 DATA 254,94,192,205,108,166,205,51,161,183
17850 DATA 8,205,122,166,24,237,205,167,159,8
17860 DATA 240,24,37,205,167,159,8,242,94,163
17870 DATA 24,28,205,167,159,8,248,24,21,205
17880 DATA 51,161,183,240,24,14,205,51,161,183
17890 DATA 242,94,163,24,5,205,51,161,183,248
17900 DATA 62,6,195,254,136,205,167,159,205,95
17910 DATA 166,8,201,205,225,165,205,52,166,56
17920 DATA 24,253,35,230,15,6,4,217,41,217
17930 DATA 237,106,16,249,217,181,111,217,205,52
17940 DATA 166,48,234,175,201,62,28,195,254,136
17950 DATA 205,199,160,13,12,40,6,124,238,128
17960 DATA 103,175,201,217,124,47,103,125,47,111
17970 DATA 217,124,47,103,125,47,111,217,35,124
17980 DATA 181,217,62,0,192,35,201,205,226,151
17990 DATA 205,155,166,253,35,254,38,40,170,254
18000 DATA 45,40,203,254,43,40,128,254,40,40
18010 DATA 150,254,34,40,99,254,198,210,226,143
18020 DATA 254,141,210,172,166,253,43,254,58,48
18030 DATA 8,254,48,48,116,254,46,40,112,205
18040 DATA 98,139,32,43,183,250,250,161,183,40
18050 DATA 24,14,0,203,71,40,3,221,78,4
18060 DATA 217,221,110,0,221,102,1,217,221,110
18070 DATA 2,221,102,3,201,33,0,0,217,38
18080 DATA 0,221,110,0,217,76,201,218,226,143
18090 DATA 58,254,3,203,111,62,26,32,35,253
18100 DATA 35,205,73,141,48,249,221,33,64,3
18110 DATA 175,79,24,202,17,0,1,253,126,0
18120 DATA 253,35,254,34,40,11,18,28,254,13
18130 DATA 32,241,62,9,195,254,136,253,126,0
18140 DATA 254,52,253,35,40,236,253,43,62,128
18150 DATA 201,253,229,221,225,62,36,205,191,166
18160 DATA 56,228,221,229,253,225,175,201,221,70
18170 DATA 4,217,221,94,0,221,86,1,217,221
18180 DATA 94,2,221,86,3,201,17,0,1,31
18190 DATA 48,16,205,124,161,217,125,217,183,79
18200 DATA 62,128,200,6,0,237,176,201,126,18
18210 DATA 35,254,13,62,128,200,28,32,245,201
18220 DATA 205,205,178,235,24,117,205,205,178,24
18230 DATA 112,205,218,153,205,173,179,202,4,163
18240 DATA 195,225,165,205,218,153,205,173,179,111
18250 DATA 24,89,205,151,164,24,25,205,155,166
18260 DATA 254,40,32,10,205,206,160,217,68,77
18270 DATA 237,104,24,67,205,145,164,24,8,205
18280 DATA 215,160,175,187,202,4,163,42,0,1
18290 DATA 24,49,205,215,160,235,24,43,42,224
18300 DATA 3,24,40,42,228,3,24,35,42,220
18310 DATA 3,24,30,253,126,0,253,35,254,80
18320 DATA 194,226,143,42,222,3,24,15,42,242
18330 DATA 3,24,10,42,253,3,24,3,42,251
18340 DATA 3,38,0,217,175,79,103,111,201,175
18350 DATA 33,62,2,33,62,1,245,205,215,160
18360 DATA 62,13,18,241,198,255,33,0,1,205
18370 DATA 173,179,111,24,222,205,218,153,205,173
18380 DATA 179,24,18,205,218,153,205,173,179,24
18390 DATA 10,253,126,0,254,36,40,9,205,197
18400 DATA 178,213,217,225,175,79,201,253,35,205
18410 DATA 185,178,62,128,201,205,222,165,208,24
18420 DATA 31,205,222,165,200,216,24,24,205,222
18430 DATA 165,216,24,18,205,222,165,40,13,208
18440 DATA 24,10,205,222,165,200,24,4,205,222
18450 DATA 165,192,62,255,217,103,111,217,103,111
18460 DATA 60,79,201,62,35,24,67,62,16,24
18470 DATA 58,62,26,24,54,62,21,24,50,62
18480 DATA 27,24,46,62,28,24,42,62,23,24
18490 DATA 38,62,30,24,34,62,31,24,30,62
18500 DATA 20,24,26,62,29,24,22,62,22,24
18510 DATA 18,62,24,24,14,62,25,24,10,62
18520 DATA 18,24,6,62,19,24,2,62,17,245
18530 DATA 205,199,160,241,205,191,166,218,254,136
18540 DATA 175,201,62,38,24,244,62,39,24,240
18550 DATA 205,215,160,175,18,221,33,0,1,62
18560 DATA 36,24,227,205,215,160,62,13,18,253
18570 DATA 229,17,0,1,253,33,0,1,14,0
18580 DATA 205,120,141,18,19,175,205,2,166,253
18590 DATA 33,2,0,253,57,205,167,159,253,225
18600 DATA 253,57,253,249,253,225,8,201,221,33
18610 DATA 246,3,205,155,166,254,40,40,28,205
18620 DATA 121,161,203,25,6,32,217,237,106,217
18630 DATA 237,106,203,93,40,1,63,16,243,203
18640 DATA 17,205,134,151,175,79,201,205,206,160
18650 DATA 221,33,246,3,203,124,55,32,236,205
18660 DATA 66,165,245,205,58,165,217,205,121,161
18670 DATA 196,174,163,217,14,127,203,124,32,8
18680 DATA 217,41,217,237,106,13,32,244,203,188
18690 DATA 241,200,217,123,61,178,217,179,178,200
18700 DATA 6,0,62,10,205,191,166,218,254,136
18710 DATA 205,94,163,195,41,161,205,80,166,205
18720 DATA 2,166,205,192,160,193,33,0,0,57
18730 DATA 197,67,205,155,166,254,44,62,0,32
18740 DATA 23,253,35,197,229,205,2,166,205,183
18750 DATA 160,193,205,33,166,225,193,217,125,217
18760 DATA 183,40,1,61,17,0,1,205,86,164
18770 DATA 209,40,3,237,98,57,237,114,235,38
18780 DATA 0,57,249,235,205,95,166,195,151,162
18790 DATA 197,6,0,79,9,193,145,48,40,237
18800 DATA 68,79,26,197,6,0,237,177,121,193
18810 DATA 32,27,79,5,184,4,56,21,197,213
18820 DATA 229,5,40,8,19,26,190,32,3,35
18830 DATA 16,248,225,209,193,32,221,175,201,246
18840 DATA 255,201,205,206,160,217,125,24,3,205
18850 DATA 212,178,55,24,7,205,206,160,217,205
18860 DATA 220,178,17,0,1,18,62,128,208,28
18870 DATA 201,205,80,166,205,2,166,205,183,160
18880 DATA 193,205,33,166,217,125,217,183,40,13
18890 DATA 61,111,147,30,0,48,6,237,68,79
18900 DATA 205,254,164,205,155,166,254,44,253,35
18910 DATA 40,11,253,43,205,95,166,62,128,201
18920 DATA 205,80,166,205,2,166,205,183,160,193
18930 DATA 205,33,166,205,95,166,217,125,217,187
18940 DATA 48,2,107,95,62,128,201,205,216,164
18950 DATA 208,28,29,200,75,125,147,111,6,0
18960 DATA 98,88,237,176,62,128,201,205,183,160
18970 DATA 205,83,166,217,125,217,245,205,192,160
18980 DATA 205,95,166,241,183,40,212,61,79,62
18990 DATA 128,200,28,29,200,67,98,46,0,197
19000 DATA 126,35,18,28,62,19,202,254,136,16
19010 DATA 245,193,13,32,240,62,128,201,121,72
19020 DATA 71,235,217,235,217,201,124,181,217,180
19030 DATA 181,217,201,217,253,126,0,253,35,23
19040 DATA 23,103,230,192,253,174,0,253,35,111
19050 DATA 124,23,23,230,192,253,174,0,253,35
19060 DATA 103,217,175,79,103,111,201,253,35,205
19070 DATA 199,160,205,118,165,62,128,201,205,94
19080 DATA 163,1,8,0,17,0,1,197,6,4
19090 DATA 175,217,41,217,237,106,23,16,248,193
19100 DATA 13,248,40,6,183,32,3,184,40,233
19110 DATA 198,144,39,206,64,39,18,19,71,24
19120 DATA 222,205,155,166,254,126,40,195,205,199
19130 DATA 160,221,33,0,3,221,126,3,183,221
19140 DATA 33,219,165,40,4,221,33,0,3,17
19150 DATA 0,1,62,37,205,191,166,218,254,136
19160 DATA 221,203,2,70,62,128,200,121,198,4
19170 DATA 187,40,247,235,54,32,35,235,24,246
19180 DATA 9,0,205,235,165,62,0,217,103,111
19190 DATA 217,103,111,79,201,4,12,5,40,10
19200 DATA 13,40,12,26,190,192,19,35,24,243
19210 DATA 183,13,200,55,201,183,12,201,205,226
19220 DATA 151,221,225,183,33,0,1,84,69,237
19230 DATA 82,57,249,87,213,40,10,75,17,0
19240 DATA 1,235,237,176,205,226,151,221,233,221
19250 DATA 225,33,0,0,68,57,17,0,1,12
19260 DATA 13,40,2,237,176,249,221,233,253,126
19270 DATA 0,254,48,216,254,58,63,208,254,65
19280 DATA 216,214,55,254,16,63,201,254,62,208
19290 DATA 254,61,208,254,60,201,205,192,160,205
19300 DATA 155,166,253,35,254,44,200,62,5,24
19310 DATA 10,205,155,166,253,35,254,41,200,62
19320 DATA 27,195,254,136,253,35,8,250,220,160
19330 DATA 8,227,217,229,217,245,197,233,8,250
19340 DATA 220,160,217,193,217,121,193,71,241,217
19350 DATA 235,225,217,235,225,217,197,217,230,15
19360 DATA 205,191,166,56,212,175,8,253,126,0
19370 DATA 201,253,126,0,254,32,192,253,35,195
19380 DATA 155,166,229,33,155,159,24,6,229,214
19390 DATA 141,33,41,159,197,135,79,6,0,9
19400 DATA 126,35,102,111,193,227,201,253,229,253
19410 DATA 33,0,0,253,57,205,214,166,191,253
19420 DATA 225,201,62,1,253,249,183,55,24,245
19430 DATA 254,42,48,244,254,16,48,7,8,120
19440 DATA 177,196,96,176,8,229,33,246,166,197
19450 DATA 135,79,6,0,9,126,35,102,111,193
19460 DATA 227,201,109,167,208,167,127,167,163,167
19470 DATA 145,167,255,169,12,170,244,169,221,169
19480 DATA 23,170,154,168,243,167,232,169,221,167
19490 DATA 56,169,82,168,38,170,130,173,222,172
19500 DATA 3,173,28,171,80,170,193,171,150,170
19510 DATA 76,172,204,172,49,170,88,170,110,170
19520 DATA 39,171,172,170,255,170,220,176,160,171
19530 DATA 27,170,68,170,126,170,138,173,177,175
19540 DATA 109,176,178,176,195,176,106,167,205,167
19550 DATA 124,167,160,167,142,167,250,169,7,170
19560 DATA 239,169,216,169,18,170,232,168,253,167
19570 DATA 227,169,231,167,174,169,85,168,205,168
19580 DATA 175,124,162,103,125,163,111,217,124,162
19590 DATA 103,125,163,111,217,201,205,168,175,124
19600 DATA 170,103,125,171,111,217,124,170,103,125
19610 DATA 171,111,217,201,205,168,175,124,178,103
19620 DATA 125,179,111,217,124,178,103,125,179,111
19630 DATA 217,201,205,168,175,124,170,203,124,8
19640 DATA 203,124,196,192,175,205,151,176,203,124
19650 DATA 196,192,175,68,77,33,0,0,217,68
19660 DATA 77,33,0,0,62,223,205,236,177,217
19670 DATA 14,0,8,200,195,192,175,205,168,175
19680 DATA 205,163,167,183,205,151,176,14,0,240
19690 DATA 195,192,175,205,31,177,224,205,25,177
19700 DATA 205,100,176,122,238,128,87,24,16,124
19710 DATA 238,128,103,24,10,205,25,177,224,205
19720 DATA 31,177,205,100,176,5,4,200,13,12
19730 DATA 202,151,176,217,1,0,0,217,124,170
19740 DATA 245,120,185,220,151,176,120,203,252,196
19750 DATA 152,175,241,122,203,250,250,41,168,205
19760 DATA 25,177,220,159,176,203,252,24,10,205
19770 DATA 31,177,220,212,175,205,65,176,47,217
19780 DATA 235,33,0,128,183,237,66,235,217,204
19790 DATA 145,176,220,131,176,220,171,176,203,188
19800 DATA 13,12,202,220,176,183,240,203,252,201
19810 DATA 205,100,176,5,4,62,18,202,208,166
19820 DATA 13,12,200,124,170,8,203,250,203,252
19830 DATA 197,66,75,17,0,0,217,66,75,17
19840 DATA 0,0,62,224,205,236,177,217,203,122
19850 DATA 217,204,7,178,235,217,203,56,203,25
19860 DATA 183,237,66,63,235,204,145,176,220,131
19870 DATA 176,193,220,171,176,31,121,152,63,195
19880 DATA 33,169,124,170,8,203,124,196,192,175
19890 DATA 205,151,176,203,124,196,192,175,68,77
19900 DATA 33,0,0,217,68,77,33,0,0,62
19910 DATA 223,205,26,178,217,14,191,205,188,176
19920 DATA 32,13,203,122,32,9,205,151,176,74
19930 DATA 8,240,195,192,175,13,217,203,35,203
19940 DATA 18,217,203,19,203,18,217,237,106,217
19950 DATA 237,106,242,207,168,8,248,203,188,201
19960 DATA 5,4,202,220,176,13,12,200,124,170
19970 DATA 8,203,250,203,252,197,68,77,33,0
19980 DATA 0,217,68,77,33,0,0,62,224,205
19990 DATA 26,178,220,46,178,217,229,33,0,128
20000 DATA 183,237,82,225,204,145,176,220,131,176
20010 DATA 193,220,171,176,31,121,136,56,5,242
20020 DATA 220,176,24,3,250,173,176,198,128,79
20030 DATA 202,220,176,8,203,188,240,203,252,201
20040 DATA 205,151,176,203,124,245,196,192,175,72
20050 DATA 6,32,205,54,177,56,8,16,249,241
20060 DATA 217,44,217,76,201,241,197,235,229,217
20070 DATA 235,229,217,221,33,0,0,221,57,40
20080 DATA 66,197,217,213,217,213,205,109,176,205
20090 DATA 56,172,221,113,4,217,221,117,0,221
20100 DATA 116,1,217,221,117,2,221,116,3,24
20110 DATA 29,197,217,203,35,203,18,213,217,203
20120 DATA 19,203,18,213,62,10,245,205,72,177
20130 DATA 205,214,166,241,205,220,174,220,214,166
20140 DATA 209,217,209,217,121,193,79,16,218,241
20150 DATA 241,241,201,241,241,241,24,147,203,122
20160 DATA 245,205,151,176,205,86,177,13,12,40
20170 DATA 238,62,158,185,56,8,60,205,152,175
20180 DATA 8,242,169,169,205,151,176,205,79,172
20190 DATA 205,95,177,241,205,232,168,195,196,171
20200 DATA 205,230,176,24,3,205,217,176,208,24
20210 DATA 56,205,230,176,24,3,205,217,176,200
20220 DATA 216,24,44,205,230,176,24,3,205,217
20230 DATA 176,216,24,33,205,230,176,24,3,205
20240 DATA 217,176,40,23,208,24,20,205,230,176
20250 DATA 24,3,205,217,176,200,24,9,205,230
20260 DATA 176,24,3,205,217,176,192,33,255,255
20270 DATA 217,33,255,255,217,175,79,201,203,124
20280 DATA 200,13,12,202,192,175,203,188,201,205
20290 DATA 177,175,124,47,103,125,47,111,217,124
20300 DATA 47,103,125,47,111,217,175,201,33,15
20310 DATA 73,217,33,162,218,217,14,129,175,201
20320 DATA 205,96,170,205,232,168,175,201,205,96
20330 DATA 170,205,85,168,175,201,205,109,176,17
20340 DATA 46,101,217,17,211,224,217,6,133,201
20350 DATA 205,188,176,177,200,203,124,194,27,170
20360 DATA 205,220,176,195,131,176,205,167,178,245
20370 DATA 205,238,174,241,254,45,62,0,192,13
20380 DATA 12,202,192,175,124,238,128,103,175,201
20390 DATA 13,12,200,62,159,68,205,152,175,8
20400 DATA 160,252,131,176,120,183,252,192,175,175
20410 DATA 79,201,205,109,176,203,124,62,21,194
20420 DATA 208,166,13,12,200,203,252,203,65,204
20430 DATA 159,176,121,214,128,203,47,198,128,79
20440 DATA 197,235,33,0,0,68,77,217,235,33
20450 DATA 0,0,68,77,62,225,205,77,178,217
20460 DATA 203,120,217,204,77,178,205,134,178,183
20470 DATA 205,7,178,203,27,96,105,217,96,105
20480 DATA 220,131,176,193,220,171,176,31,159,129
20490 DATA 79,203,188,175,201,205,109,176,205,86
20500 DATA 177,205,31,171,205,95,177,205,86,177
20510 DATA 205,151,176,205,42,171,205,95,177,205
20520 DATA 85,168,175,201,205,109,176,205,226,175
20530 DATA 28,28,123,24,14,205,109,176,229,205
20540 DATA 226,175,241,7,7,7,230,4,171,245
20550 DATA 203,188,31,205,182,171,220,237,167,241
20560 DATA 245,230,3,226,116,171,205,86,177,205
20570 DATA 80,177,205,137,177,183,168,17,54,109
20580 DATA 38,222,5,208,115,192,128,136,8,121
20590 DATA 157,170,170,170,125,0,0,0,0,128
20600 DATA 205,95,177,205,95,177,205,232,168,195
20610 DATA 150,171,205,80,177,205,137,177,113,213
20620 DATA 120,76,112,175,148,3,182,118,200,156
20630 DATA 170,42,123,221,255,255,255,126,0,0
20640 DATA 0,0,128,205,95,177,241,230,4,200
20650 DATA 13,12,200,203,252,201,33,0,0,217
20660 DATA 33,0,0,217,14,128,201,17,0,0
20670 DATA 217,17,0,0,217,6,128,201,17,15
20680 DATA 73,217,17,162,218,217,6,127,201,205
20690 DATA 109,176,205,65,172,217,29,1,207,209
20700 DATA 217,229,205,242,175,241,203,123,40,9
20710 DATA 23,218,220,176,62,24,195,208,166,230
20720 DATA 128,179,245,203,188,205,86,177,205,137
20730 DATA 177,114,64,46,148,115,101,111,79,46
20740 DATA 118,55,109,2,136,121,18,229,160,42
20750 DATA 123,20,79,170,170,125,86,253,255,127
20760 DATA 126,254,255,255,255,127,0,0,0,0
20770 DATA 128,205,95,177,241,245,244,56,172,241
20780 DATA 242,35,172,230,127,237,68,198,128,129
20790 DATA 56,5,242,220,176,24,3,250,173,176
20800 DATA 198,128,202,220,176,79,175,201,205,171
20810 DATA 171,205,151,176,195,85,168,17,114,49
20820 DATA 217,17,248,23,217,6,127,201,205,109
20830 DATA 176,62,22,203,124,194,208,166,12,13
20840 DATA 202,208,166,17,4,53,217,17,51,243
20850 DATA 217,205,238,176,121,14,128,56,2,13
20860 DATA 60,245,205,107,177,205,86,177,205,80
20870 DATA 177,205,137,177,72,204,251,116,125,175
20880 DATA 174,255,17,126,140,217,205,76,126,227
20890 DATA 169,170,42,127,0,0,0,0,129,205
20900 DATA 95,177,205,95,177,205,232,168,241,205
20910 DATA 86,177,8,205,220,176,8,214,128,40
20920 DATA 27,48,2,47,60,103,14,135,245,205
20930 DATA 83,176,203,188,205,65,172,205,232,168
20940 DATA 241,48,5,250,196,172,203,252,205,95
20950 DATA 177,205,253,167,175,201,205,76,172,17
20960 DATA 91,94,217,17,169,216,217,6,126,205
20970 DATA 232,168,175,201,205,109,176,205,86,177
20980 DATA 205,72,177,205,232,168,205,171,171,205
20990 DATA 237,167,205,175,170,205,95,177,12,13
21000 DATA 62,2,213,40,112,209,205,59,172,24
21010 DATA 3,205,109,176,229,203,188,17,19,84
21020 DATA 217,17,208,204,217,6,126,205,235,176
21030 DATA 6,0,56,28,17,130,26,217,17,154
21040 DATA 121,217,6,129,205,235,176,56,8,205
21050 DATA 56,172,6,2,195,54,173,205,107,177
21060 DATA 6,1,197,205,86,177,205,80,177,205
21070 DATA 137,177,53,243,216,55,123,145,107,185
21080 DATA 170,124,222,65,151,97,124,123,157,55
21090 DATA 146,125,90,42,204,76,125,92,169,170
21100 DATA 170,126,0,0,0,0,128,205,95,177
21110 DATA 205,95,177,205,232,168,241,205,182,171
21120 DATA 31,245,220,253,167,241,4,31,220,237
21130 DATA 167,241,183,240,203,252,175,201,205,222
21140 DATA 172,62,2,245,24,227,205,109,176,6
21150 DATA 0,203,124,40,6,203,188,62,45,18
21160 DATA 19,175,185,40,71,213,120,245,121,254
21170 DATA 161,48,26,254,155,48,37,47,254,225
21180 DATA 56,2,62,248,198,28,205,176,177,245
21190 DATA 205,232,168,241,71,241,144,24,224,214
21200 DATA 32,205,176,177,245,205,85,168,241,71
21210 DATA 241,128,24,209,62,9,205,176,177,205
21220 DATA 235,176,121,193,79,203,252,220,13,177
21230 DATA 209,203,185,62,0,23,12,8,120,221
21240 DATA 203,2,78,32,8,175,221,190,1,40
21250 DATA 10,62,246,221,134,1,183,250,253,173
21260 DATA 175,245,8,205,54,177,143,254,10,56
21270 DATA 5,214,10,217,44,217,13,32,240,79
21280 DATA 124,230,63,103,241,242,34,174,60,32
21290 DATA 28,62,4,185,62,0,24,21,245,121
21300 DATA 206,48,254,48,40,5,254,58,63,48
21310 DATA 8,227,203,117,227,32,5,62,48,60
21320 DATA 61,245,4,205,188,176,14,32,62,0
21330 DATA 32,187,241,245,62,0,56,181,235,14
21340 DATA 255,22,1,221,94,1,221,203,2,70
21350 DATA 32,50,221,203,2,78,40,17,120,183
21360 DATA 40,4,250,102,174,80,122,221,134,1
21370 DATA 95,254,11,56,23,120,17,1,1,183
21380 DATA 250,138,174,40,13,221,126,1,183,32
21390 DATA 2,62,10,184,56,6,80,88,120,198
21400 DATA 129,79,203,250,29,122,185,48,12,241
21410 DATA 40,3,242,159,174,245,28,29,250,174
21420 DATA 174,62,48,21,226,166,174,54,46,35
21430 DATA 119,35,29,242,141,174,24,227,241,12
21440 DATA 77,32,39,54,69,35,120,61,242,192
21450 DATA 174,54,45,35,237,68,54,48,40,21
21460 DATA 254,10,71,62,58,56,3,35,54,48
21470 DATA 52,190,32,5,54,48,43,52,35,16
21480 DATA 245,35,235,201,221,70,4,217,221,94
21490 DATA 0,221,86,1,217,221,94,2,221,86
21500 DATA 3,201,205,220,176,14,0,205,115,175
21510 DATA 254,46,6,0,204,113,175,254,69,62
21520 DATA 0,204,66,175,203,124,32,8,183,32
21530 DATA 5,184,32,2,185,200,144,129,14,159
21540 DATA 205,83,176,203,188,183,200,250,38,175
21550 DATA 205,176,177,205,232,168,175,201,254,218
21560 DATA 56,10,237,68,205,176,177,205,85,168
21570 DATA 175,201,245,62,38,205,176,177,205,85
21580 DATA 168,241,198,38,24,228,197,71,14,2
21590 DATA 221,35,205,167,178,8,205,157,178,56
21600 DATA 23,120,135,135,128,135,71,221,126,0
21610 DATA 221,35,230,15,128,71,13,242,76,175
21620 DATA 6,100,24,228,8,254,45,120,193,192
21630 DATA 237,68,201,221,35,205,157,178,216,4
21640 DATA 221,35,205,39,177,56,19,13,12,32
21650 DATA 15,230,15,217,6,0,79,9,217,48
21660 DATA 230,35,124,181,32,225,12,205,154,176
21670 DATA 24,219,8,175,8,203,252,205,159,176
21680 DATA 185,200,210,157,175,195,173,176,205,151
21690 DATA 176,205,177,175,205,151,176,13,12,200
21700 DATA 203,124,245,62,159,205,152,175,241,14
21710 DATA 0,200,183,217,213,235,33,0,0,237
21720 DATA 82,209,217,213,235,33,0,0,237,82
21730 DATA 209,201,217,47,229,183,33,0,0,237
21740 DATA 66,68,77,225,24,224,62,150,185,62
21750 DATA 23,218,208,166,205,182,171,217,1,105
21760 DATA 33,217,203,250,203,252,121,14,0,221
21770 DATA 33,0,0,221,229,184,56,58,217,227
21780 DATA 237,66,227,237,82,217,237,82,48,9
21790 DATA 217,227,9,227,237,90,217,237,90,63
21800 DATA 203,17,48,2,203,249,61,184,56,25
21810 DATA 227,41,227,217,237,106,217,237,106,48
21820 DATA 213,183,217,227,237,66,227,237,82,217
21830 DATA 237,82,183,24,220,60,89,79,217,193
21840 DATA 217,203,124,192,217,203,33,203,16,237
21850 DATA 106,217,237,106,13,194,65,176,201,203
21860 DATA 124,192,217,41,217,237,106,13,194,83
21870 DATA 176,201,8,198,42,8,205,151,176,205
21880 DATA 109,176,205,151,176,13,12,192,205,188
21890 DATA 176,200,124,183,252,192,175,14,159,205
21900 DATA 83,176,183,248,203,188,201,217,1,1
21910 DATA 0,9,217,208,197,1,1,0,9,193
21920 DATA 201,183,217,203,197,217,201,121,72,71
21930 DATA 235,217,235,217,201,205,61,177,217,203
21940 DATA 24,203,25,8,176,8,217,12,192,62
21950 DATA 20,195,208,166,205,188,176,200,124,230
21960 DATA 128,246,64,201,124,181,217,180,181,217
21970 DATA 201,120,177,32,10,205,217,176,62,0
21980 DATA 200,62,128,31,201,205,100,176,205,230
21990 DATA 176,24,241,205,5,177,62,0,217,103
22000 DATA 111,217,103,111,79,201,205,248,176,24
22010 DATA 241,121,184,192,237,82,25,192,217,237
22020 DATA 82,25,217,201,124,170,124,23,248,48
22030 DATA 236,205,235,176,200,63,201,124,170,242
22040 DATA 238,176,124,23,201,5,12,205,73,177
22050 DATA 205,60,177,205,60,177,8,217,25,217
22060 DATA 237,90,201,217,183,237,82,217,237,82
22070 DATA 201,205,73,177,205,54,177,216,205,54
22080 DATA 177,216,205,25,177,216,217,41,217,237
22090 DATA 106,201,12,203,60,203,29,217,203,28
22100 DATA 203,29,217,201,65,84,93,217,84,93
22110 DATA 217,201,205,72,177,205,232,168,221,225
22120 DATA 197,229,217,229,217,221,233,221,225,217
22130 DATA 209,217,209,121,193,65,79,221,233,205
22140 DATA 86,177,205,171,171,205,253,167,205,95
22150 DATA 177,205,86,177,205,151,176,205,171,171
22160 DATA 205,231,167,205,95,177,195,85,168,221
22170 DATA 33,2,0,221,57,221,227,205,220,174
22180 DATA 205,232,168,17,5,0,221,25,205,220
22190 DATA 174,221,227,4,5,250,253,167,205,253
22200 DATA 167,205,220,174,221,227,24,228,60,8
22210 DATA 229,217,229,217,205,171,171,205,151,176
22220 DATA 175,8,61,40,32,242,200,177,185,56
22230 DATA 26,60,8,60,203,252,205,15,177,48
22240 DATA 5,8,205,60,177,8,8,220,131,176
22250 DATA 12,250,189,177,195,173,176,205,151,176
22260 DATA 203,186,217,225,217,225,8,201,183,237
22270 DATA 66,217,237,66,217,48,5,9,217,237
22280 DATA 74,217,63,203,19,203,18,217,203,19
22290 DATA 203,18,217,60,240,237,106,217,237,106
22300 DATA 217,48,222,183,237,66,217,237,66,217
22310 DATA 55,195,251,177,183,217,203,26,203,27
22320 DATA 217,203,26,203,27,48,5,9,217,237
22330 DATA 74,217,60,240,217,203,28,203,29,217
22340 DATA 203,28,203,29,195,27,178,237,66,217
22350 DATA 237,66,217,12,48,7,13,9,217,237
22360 DATA 74,217,13,60,240,203,33,203,16,217
22370 DATA 203,17,203,16,217,12,203,35,203,18
22380 DATA 217,203,19,203,18,217,237,106,217,237
22390 DATA 106,217,203,35,203,18,217,203,19,203
22400 DATA 18,217,237,106,217,237,106,217,210,59
22410 DATA 178,183,237,66,217,237,66,217,12,195
22420 DATA 75,178,41,217,237,106,217,56,238,60
22430 DATA 12,237,66,217,237,66,217,208,9,217
22440 DATA 237,74,217,13,201,221,126,0,254,58
22450 DATA 63,216,254,48,201,221,126,0,221,35
22460 DATA 254,32,40,247,254,43,200,254,45,200
22470 DATA 221,43,201,175,205,19,137,83,111,114
22480 DATA 114,121,0,201,201,17,0,0,33,0
22490 DATA 0,201,201,17,0,0,33,0,0,201
22500 DATA 219,0,201,62,62,211,0,201,43,124
22510 DATA 181,200,219,0,40,248,254,27,55,192
22520 DATA 229,33,0,4,203,118,32,2,203,254
22530 DATA 225,201,219,0,183,200,254,27,40,236
22540 DATA 201,205,244,178,58,0,4,183,240,33
22550 DATA 0,4,203,190,195,229,143,175,17,255
22560 DATA 127,95,33,1,4,201,195,164,179,40
22570 DATA 251,183,40,248,119,35,254,13,40,29
22580 DATA 205,217,178,24,237,205,144,138,167,201
22590 DATA 205,136,179,254,13,200,254,124,200,254
22600 DATA 46,202,151,179,235,33,155,179,26,205
22610 DATA 143,179,190,40,11,56,46,203,126,35
22620 DATA 40,251,35,35,24,238,213,19,35,26
22630 DATA 205,143,179,254,46,40,10,174,40,243
22640 DATA 254,128,40,3,209,24,226,241,19,203
22650 DATA 126,35,40,251,126,35,102,111,229,235
22660 DATA 195,136,179,62,254,205,19,137,66,97
22670 DATA 100,32,99,111,109,109,97,110,100,0
22680 DATA 126,254,32,192,35,24,249,230,127,254
22690 DATA 96,216,230,95,201,201,195,0,0,66
22700 DATA 89,197,152,179,255,211,0,201,219,7
22710 DATA 230,1,40,250,219,0,201,201,0,0
22720 DATA 0,0,0,0,0,0,0,0,0,0
22730 DATA 0,0,0,0,0,0,0,0,0,0
22740 DATA 0,0,0,0,0,0,0,0,0,0
22750 DATA 0,0,0,0,0,0,0,0,0,0
22760 DATA 0,0,0,0,0,0,0,0,0,0
22770 DATA 0,0,0,0,0,0,0,0,0,0
22780 DATA 0,0,0,0,0,0,0,0,0,0
22790 DATA 0,0,0,0,0,0,0,0,0,0
22800 DATA 0,0,0,0,0,0,0,0,0,0
22810 DATA 0,0,0,0,0,0,0,0,0,0
22820 DATA 0,0,0,0,0,0,0,0,0,0
22830 DATA 0,0,0,0,0,0,0,0,0,0
22840 DATA 0,0,0,0,0,0,0,0,0,0
22850 DATA 0,0,0,0,0,0,0,0,0,0
22860 DATA 0,0,0,0,0,0,0,0,0,0
22870 DATA 0,0,0,0,0,0,0,0,0,0
22880 DATA 0,0,0,0,0,0,0,0,0,0
22890 DATA 0,0,0,0,0,0,0,0,0,0
22900 DATA 0,0,0,0,0,0,0,0,0,0
22910 DATA 0,0,0,0,0,0,0,0,0,0
22920 DATA 0,0,0,0,0,0,0,0,0,0
22930 DATA 0,0,0,0,0,0,0,0,0,0
22940 DATA 0,0,0,0,0,0,0,0,0,0
22950 DATA 0,0,0,0,0,0,0,0,0,0
22960 DATA 0,0,0,0,0,0,0,0,0,0
22970 DATA 0,0,0,0,0,0,0,0,0,0
22980 DATA 0,0,0,0,0,0,0,0,0,0
22990 DATA 0,0,0,0,0,0,0,0,0,0
23000 DATA 0,0,0,0,0,0,0,0,0,0
23010 DATA 0,0,0,0,0,0,0,0,0,0
23020 DATA 0,0,0,0,0,0,0,0,0,0
23030 DATA 0,0,0,0,0,0,0,0,0,0
23040 DATA 0,0,0,0,0,0,0,0,0,0
23050 DATA 0,0,0,0,0,0,0,0,0,0
23060 DATA 0,0,0,0,0,0,0,0,0,0
23070 DATA 0,0,0,0,0,0,0,0,0,0
23080 DATA 0,0,0,0,0,0,0,0,0,0
23090 DATA 0,0,0,0,0,0,0,0,0,0
23100 DATA 0,0,0,0,0,0,0,0,0,0
23110 DATA 0,0,0,0,0,0,0,0,0,0
23120 DATA 0,0,0,0,0,0,0,0,0,0
23130 DATA 0,0,0,0,0,0,0,0,0,0
23140 DATA 0,0,0,0,0,0,0,0,0,0
23150 DATA 0,0,0,0,0,0,0,0,0,0
23160 DATA 0,0,0,0,0,0,0,0,0,0
23170 DATA 0,0,0,0,0,0,0,0,0,0
23180 DATA 0,0,0,0,0,0,0,0,0,0
23190 DATA 0,0,0,0,0,0,0,0,0,0
23200 DATA 0,0,0,0,0,0,0,0,0,0
23210 DATA 0,0,0,0,0,0,0,0,0,0
23220 DATA 0,0,0,0,0,0,0,0,0,0
23230 DATA 0,0,0,0,0,0,0,0,0,0
23240 DATA 0,0,0,0,0,0,0,0,0,0
23250 DATA 0,0,0,0,0,0,0,0,0,0
23260 DATA 0,0,0,0,0,0,0,0,0,0
23270 DATA 0,0,0,0,0,0,0,0,0,0
23280 DATA 0,0,0,0,0,0,0,0,0,0
23290 DATA 0,0,0,0,0,0,0,0,0,0
23300 DATA 0,0,0,0,0,0,0,0,0,0
23310 DATA 0,0,0,0,0,0,0,0,0,0
23320 DATA 0,0,0,0,0,0,0,0,0,0
23330 DATA 0,0,0,0,0,0,0,0,0,0
23340 DATA 0,0,0,0,0,0,0,0,0,0
23350 DATA 0,0,0,0,0,0,0,0,0,0
23360 DATA 0,0,0,0,0,0,0,0,0,0
23370 DATA 0,0,0,0,0,0,0,0,0,0
23380 DATA 0,0,0,0,0,0,0,0,0,0
23390 DATA 0,0,0,0,0,0,0,0,0,0
23400 DATA 0,0,0,0,0,0,0,0,0,0
23410 DATA 0,0,0,0,0,0,0,0,0,0
23420 DATA 0,0,0,0,0,0,0,0,0,0
23430 DATA 0,0,0,0,0,0,0,0,0,0
23440 DATA 0,0,0,0,0,0,0,0,0,0
23450 DATA 0,0,0,0,0,0,0,0,0,0
23460 DATA 0,0,0,0,0,0,0,0,0,0
23470 DATA 0,0,0,0,0,0,0,0,0,0
