10 Reserve top-8192
20 For i=0 to 13205
30 Read a:poke 8192+i,a
40 next i
50 ?"type CALL TOP to run your code."
100 END
10000 DATA 33,0,130,249,54,10,44,54,9,44
10010 DATA 175,119,44,32,252,62,55,50,254,130
10020 DATA 33,75,32,34,238,130,205,27,1,237
10030 DATA 83,228,130,34,220,130,205,196,39,194
10040 DATA 176,44,205,43,44,66,66,67,32,66
10050 DATA 65,83,73,67,32,40,90,56,48,41
10060 DATA 32,86,101,114,115,105,111,110,32,51
10070 DATA 46,48,48,10,13,40,67,41,32,67
10080 DATA 111,112,121,114,105,103,104,116,32,82
10090 DATA 46,84,46,82,117,115,115,101,108,108
10100 DATA 32,49,57,56,55,10,13,10,13,0
10110 DATA 246,55,237,123,228,130,205,18,1,33
10120 DATA 254,130,126,230,15,246,48,119,237,98
10130 DATA 34,236,130,34,244,130,42,234,130,34
10140 DATA 230,130,124,181,40,23,229,205,5,41
10150 DATA 225,237,75,255,130,6,0,9,218,230
10160 DATA 42,34,234,130,62,32,205,116,40,33
10170 DATA 0,128,205,30,1,175,50,251,130,253
10180 DATA 33,0,128,205,193,42,205,120,68,124
10190 DATA 181,40,3,34,230,130,17,0,129,14
10200 DATA 1,205,85,43,18,175,71,75,19,18
10210 DATA 42,230,130,124,181,253,33,0,129,202
10220 DATA 232,44,197,229,205,168,39,225,205,171
10230 DATA 40,204,104,39,193,121,183,202,111,32
10240 DATA 198,4,79,213,197,235,42,222,130,229
10250 DATA 9,229,36,175,237,114,225,210,219,38
10260 DATA 34,222,130,227,229,35,183,237,82,68
10270 DATA 77,225,209,40,2,237,184,193,209,35
10280 DATA 113,35,115,35,114,35,17,0,129,235
10290 DATA 13,13,13,237,176,205,157,39,195,111
10300 DATA 32,128,65,78,68,148,65,66,83,149
10310 DATA 65,67,83,150,65,68,86,65,76,151
10320 DATA 65,83,67,152,65,83,78,153,65,84
10330 DATA 78,198,65,85,84,79,154,66,71,69
10340 DATA 84,0,213,66,80,85,84,0,251,67
10350 DATA 79,76,79,85,82,251,67,79,76,79
10360 DATA 82,214,67,65,76,76,215,67,72,65
10370 DATA 73,78,189,67,72,82,36,216,67,76
10380 DATA 69,65,82,0,217,67,76,79,83,69
10390 DATA 0,218,67,76,71,0,219,67,76,83
10400 DATA 0,155,67,79,83,156,67,79,85,78
10410 DATA 84,0,220,68,65,84,65,157,68,69
10420 DATA 71,221,68,69,70,199,68,69,76,69
10430 DATA 84,69,129,68,73,86,222,68,73,77
10440 DATA 223,68,82,65,87,225,69,78,68,80
10450 DATA 82,79,67,0,224,69,78,68,0,226
10460 DATA 69,78,86,69,76,79,80,69,139,69
10470 DATA 76,83,69,160,69,86,65,76,158,69
10480 DATA 82,76,0,133,69,82,82,79,82,197
10490 DATA 69,79,70,0,130,69,79,82,159,69
10500 DATA 82,82,0,161,69,88,80,162,69,88
10510 DATA 84,0,227,70,79,82,163,70,65,76
10520 DATA 83,69,0,164,70,78,229,71,79,84
10530 DATA 79,190,71,69,84,36,165,71,69,84
10540 DATA 228,71,79,83,85,66,230,71,67,79
10550 DATA 76,147,72,73,77,69,77,0,232,73
10560 DATA 78,80,85,84,231,73,70,191,73,78
10570 DATA 75,69,89,36,166,73,78,75,69,89
10580 DATA 168,73,78,84,167,73,78,83,84,82
10590 DATA 40,201,76,73,83,84,134,76,73,78
10600 DATA 69,200,76,79,65,68,146,76,79,77
10610 DATA 69,77,0,234,76,79,67,65,76,192
10620 DATA 76,69,70,84,36,40,169,76,69,78
10630 DATA 233,76,69,84,171,76,79,71,170,76
10640 DATA 78,193,77,73,68,36,40,235,77,79
10650 DATA 68,69,131,77,79,68,236,77,79,86
10660 DATA 69,237,78,69,88,84,202,78,69,87
10670 DATA 0,172,78,79,84,203,79,76,68,0
10680 DATA 238,79,78,135,79,70,70,132,79,82
10690 DATA 142,79,80,69,78,73,78,174,79,80
10700 DATA 69,78,79,85,84,173,79,80,69,78
10710 DATA 85,80,255,79,83,67,76,73,241,80
10720 DATA 82,73,78,84,144,80,65,71,69,0
10730 DATA 143,80,84,82,0,175,80,73,0,240
10740 DATA 80,76,79,84,176,80,79,73,78,84
10750 DATA 40,242,80,82,79,67,177,80,79,83
10760 DATA 0,206,80,85,84,248,82,69,84,85
10770 DATA 82,78,0,245,82,69,80,69,65,84
10780 DATA 246,82,69,80,79,82,84,0,243,82
10790 DATA 69,65,68,244,82,69,77,249,82,85
10800 DATA 78,0,178,82,65,68,247,82,69,83
10810 DATA 84,79,82,69,194,82,73,71,72,84
10820 DATA 36,40,179,82,78,68,0,204,82,69
10830 DATA 78,85,77,66,69,82,136,83,84,69
10840 DATA 80,205,83,65,86,69,180,83,71,78
10850 DATA 181,83,73,78,182,83,81,82,137,83
10860 DATA 80,67,195,83,84,82,36,196,83,84
10870 DATA 82,73,78,71,36,40,212,83,79,85
10880 DATA 78,68,250,83,84,79,80,0,183,84
10890 DATA 65,78,140,84,72,69,78,184,84,79
10900 DATA 138,84,65,66,40,252,84,82,65,67
10910 DATA 69,145,84,73,77,69,0,185,84,82
10920 DATA 85,69,0,253,85,78,84,73,76,186
10930 DATA 85,83,82,239,86,68,85,187,86,65
10940 DATA 76,188,86,80,79,83,0,254,87,73
10950 DATA 68,84,72,211,72,73,77,69,77,210
10960 DATA 76,79,77,69,77,208,80,65,71,69
10970 DATA 207,80,84,82,209,84,73,77,69,1
10980 DATA 77,105,115,115,105,110,103,32,2,78
10990 DATA 111,32,115,117,99,104,32,3,66,97
11000 DATA 100,32,4,32,114,97,110,103,101,5
11010 DATA 118,97,114,105,97,98,108,101,6,79
11020 DATA 117,116,32,111,102,7,78,111,32,8
11030 DATA 32,115,112,97,99,101,255,255,7,114
11040 DATA 111,111,109,0,6,4,0,0,0,77
11050 DATA 105,115,116,97,107,101,0,1,44,0
11060 DATA 84,121,112,101,32,109,105,115,109,97
11070 DATA 116,99,104,0,7,164,0,0,1,34
11080 DATA 0,3,222,0,222,8,0,78,111,116
11090 DATA 32,234,0,7,242,0,65,114,114,97
11100 DATA 121,0,83,117,98,115,99,114,105,112
11110 DATA 116,0,83,121,110,116,97,120,32,101
11120 DATA 114,114,111,114,0,69,115,99,97,112
11130 DATA 101,0,68,105,118,105,115,105,111,110
11140 DATA 32,98,121,32,122,101,114,111,0,83
11150 DATA 116,114,105,110,103,32,116,111,111,32
11160 DATA 108,111,110,103,0,84,111,111,32,98
11170 DATA 105,103,0,45,118,101,32,114,111,111
11180 DATA 116,0,76,111,103,4,0,65,99,99
11190 DATA 117,114,97,99,121,32,108,111,115,116
11200 DATA 0,69,120,112,4,0,0,2,5,0
11210 DATA 1,41,0,3,72,69,88,0,2,164
11220 DATA 47,242,0,3,99,97,108,108,0,65
11230 DATA 114,103,117,109,101,110,116,115,0,7
11240 DATA 227,0,67,97,110,39,116,32,109,97
11250 DATA 116,99,104,32,227,0,227,32,5,0
11260 DATA 0,7,184,0,0,7,228,0,238,32
11270 DATA 115,121,110,116,97,120,0,238,4,0
11280 DATA 2,108,105,110,101,0,6,32,220,0
11290 DATA 7,245,0,0,1,35,0,205,168,39
11300 DATA 205,14,43,126,183,40,113,35,94,35
11310 DATA 86,122,179,40,26,43,43,235,55,237
11320 DATA 66,235,48,96,197,205,104,39,193,24
11330 DATA 228,253,35,205,148,62,217,125,50,254
11340 DATA 130,195,111,32,254,79,40,239,205,14
11350 DATA 43,205,120,68,254,231,62,0,32,21
11360 DATA 253,35,205,120,68,235,253,229,225,62
11370 DATA 13,197,1,0,1,237,177,121,47,193
11380 DATA 235,95,120,177,32,1,11,217,221,33
11390 DATA 254,130,1,0,0,217,62,20,197,213
11400 DATA 229,8,126,183,40,14,123,35,94,35
11410 DATA 86,43,43,213,235,55,237,66,235,209
11420 DATA 210,110,32,78,71,122,179,202,111,32
11430 DATA 35,35,35,13,13,13,13,213,229,175
11440 DATA 184,253,229,209,196,51,66,225,209,253
11450 DATA 229,204,228,39,253,225,8,61,205,75
11460 DATA 1,225,94,22,0,25,209,193,24,184
11470 DATA 205,204,39,205,235,42,217,42,220,130
11480 DATA 237,91,224,130,126,183,40,48,35,78
11490 DATA 35,70,120,177,202,111,32,235,113,35
11500 DATA 112,35,217,229,9,218,230,42,217,193
11510 DATA 113,35,112,35,235,43,43,175,71,78
11520 DATA 9,235,229,36,237,114,225,235,56,210
11530 DATA 205,240,38,204,8,0,235,54,255,35
11540 DATA 54,255,237,91,224,130,217,42,220,130
11550 DATA 78,121,183,202,110,32,217,235,35,35
11560 DATA 94,35,86,35,213,235,34,230,130,217
11570 DATA 209,35,115,35,114,35,13,13,13,6
11580 DATA 0,62,141,237,177,32,219,197,229,229
11590 DATA 253,225,217,205,38,67,217,68,77,42
11600 DATA 224,130,94,35,86,35,235,183,237,66
11610 DATA 235,94,35,86,35,56,241,235,40,25
11620 DATA 205,43,44,70,97,105,108,101,100,32
11630 DATA 97,116,32,0,42,230,130,205,1,41
11640 DATA 205,109,40,24,6,209,213,27,205,249
11650 DATA 43,225,193,24,182,205,235,42,34,234
11660 DATA 130,121,50,255,130,24,41,205,43,44
11670 DATA 3,112,114,111,103,114,97,109,13,10
11680 DATA 0,205,196,39,24,22,42,220,130,229
11690 DATA 35,35,35,1,252,0,62,13,237,177
11700 DATA 32,221,125,225,119,205,157,39,195,111
11710 DATA 32,205,157,62,62,13,18,205,131,39
11720 DATA 205,204,39,24,27,205,168,39,205,157
11730 DATA 62,62,13,18,237,91,220,130,42,222
11740 DATA 130,183,237,82,68,77,33,0,128,205
11750 DATA 54,1,195,110,32,237,123,228,130,33
11760 DATA 14,36,183,40,10,71,8,175,190,35
11770 DATA 32,252,16,250,8,229,225,34,238,130
11780 DATA 237,123,228,130,50,253,130,205,196,40
11790 DATA 34,242,130,183,40,11,42,236,130,124
11800 DATA 181,229,253,225,194,232,44,33,0,0
11810 DATA 34,234,130,34,232,130,205,69,1,205
11820 DATA 109,40,205,31,44,205,238,40,30,0
11830 DATA 220,45,1,205,109,40,195,111,32,33
11840 DATA 45,33,253,126,0,70,35,190,40,8
11850 DATA 216,35,203,126,40,251,24,240,253,229
11860 DATA 35,203,126,32,27,253,35,253,126,0
11870 DATA 254,46,40,18,190,40,239,205,50,43
11880 DATA 56,4,253,225,24,221,126,183,32,248
11890 DATA 253,43,241,175,120,201,213,229,229,6
11900 DATA 0,78,9,229,235,42,222,130,237,82
11910 DATA 68,77,225,209,237,176,237,83,222,130
11920 DATA 225,209,201,237,91,220,130,33,0,255
11930 DATA 57,237,82,68,77,33,0,128,205,57
11940 DATA 1,212,196,39,62,0,210,219,38,205
11950 DATA 168,39,43,54,255,43,54,255,24,36
11960 DATA 42,220,130,6,0,62,13,78,12,13
11970 DATA 40,9,9,43,190,35,40,245,195,131
11980 DATA 38,35,35,35,34,222,130,201,42,220
11990 DATA 130,54,0,205,189,39,229,42,222,130
12000 DATA 34,224,130,34,226,130,33,108,130,197
12010 DATA 6,112,54,0,35,16,251,193,225,201
12020 DATA 229,235,197,205,5,41,193,225,126,254
12030 DATA 237,204,80,40,254,253,204,80,40,217
12040 DATA 62,32,221,203,0,70,196,116,40,120
12050 DATA 135,221,203,0,78,196,42,55,121,135
12060 DATA 221,203,0,86,196,42,55,217,126,254
12070 DATA 227,204,80,40,254,245,204,80,40,30
12080 DATA 0,126,35,254,13,40,70,254,34,32
12090 DATA 1,28,205,68,40,24,240,229,253,225
12100 DATA 197,205,38,67,193,217,197,205,1,41
12110 DATA 193,217,253,229,225,201,203,67,32,44
12120 DATA 254,141,40,229,205,141,40,126,217,254
12130 DATA 227,40,8,254,237,32,5,5,242,94
12140 DATA 40,4,254,245,40,8,254,253,32,5
12150 DATA 13,242,107,40,12,217,201,62,13,205
12160 DATA 116,40,62,10,205,21,1,214,13,40
12170 DATA 5,216,58,251,130,60,50,251,130,200
12180 DATA 229,42,252,130,189,225,192,24,224,254
12190 DATA 138,234,116,40,197,229,33,45,33,1
12200 DATA 223,2,237,177,126,35,254,138,245,236
12210 DATA 116,40,241,234,156,40,225,193,201,235
12220 DATA 42,220,130,175,190,60,208,175,71,78
12230 DATA 229,35,126,35,102,111,237,82,225,208
12240 DATA 9,195,181,40,6,0,237,91,244,130
12250 DATA 42,220,130,183,237,82,25,48,22,78
12260 DATA 12,13,40,17,9,237,82,25,56,245
12270 DATA 237,66,35,94,35,86,235,34,230,130
12280 DATA 201,33,0,0,24,247,42,230,130,124
12290 DATA 181,200,205,43,44,32,97,116,32,108
12300 DATA 105,110,101,32,0,14,0,24,2,14
12310 DATA 32,6,5,17,16,39,175,237,82,60
12320 DATA 48,251,25,61,40,4,203,225,203,233
12330 DATA 177,196,116,40,120,254,5,40,6,41
12340 DATA 84,93,41,41,25,17,232,3,16,222
12350 DATA 55,201,205,125,42,253,126,0,254,40
12360 DATA 32,104,62,14,195,219,38,253,126,0
12370 DATA 254,36,40,98,254,33,40,98,254,63
12380 DATA 40,98,205,245,41,192,253,126,0,254
12390 DATA 40,32,65,213,126,183,40,220,35,17
12400 DATA 0,0,245,253,35,24,4,245,205,48
12410 DATA 68,229,213,205,148,62,217,209,227,78
12420 DATA 35,70,35,227,235,213,205,163,55,209
12430 DATA 25,235,183,237,66,62,15,48,181,225
12440 DATA 241,61,32,219,205,60,68,241,229,205
12450 DATA 150,55,225,25,87,253,126,0,254,63
12460 DATA 40,29,254,33,40,21,229,221,225,122
12470 DATA 191,201,62,128,24,5,62,4,24,1
12480 DATA 175,33,0,0,245,24,21,6,4,24
12490 DATA 2,6,0,229,221,225,122,254,129,200
12500 DATA 197,205,77,63,205,59,65,217,229,253
12510 DATA 35,205,171,62,217,209,241,25,229,221
12520 DATA 225,191,201,253,126,1,205,50,43,216
12530 DATA 253,126,0,33,216,130,254,164,40,67
12540 DATA 33,218,130,254,242,40,60,55,201,214
12550 DATA 64,216,38,0,254,27,48,29,135,111
12560 DATA 253,126,1,254,37,32,32,253,126,2
12570 DATA 254,40,40,25,41,17,0,130,25,253
12580 DATA 35,253,35,22,4,175,201,254,31,216
12590 DATA 254,59,63,61,216,214,3,135,111,17
12600 DATA 108,130,45,45,55,248,25,94,35,86
12610 DATA 122,179,40,69,98,107,35,35,253,229
12620 DATA 126,35,253,35,253,190,0,40,247,183
12630 DATA 40,6,253,225,235,195,47,42,253,43
12640 DATA 253,126,0,254,40,40,19,253,35,205
12650 DATA 38,43,56,12,254,40,40,230,253,126
12660 DATA 255,205,50,43,48,222,209,253,126,255
12670 DATA 254,36,22,129,200,254,37,22,4,200
12680 DATA 20,191,201,60,201,175,237,91,226,130
12690 DATA 114,43,115,235,119,35,119,35,253,35
12700 DATA 205,38,43,56,20,119,35,205,50,43
12710 DATA 48,242,254,40,40,9,253,126,1,254
12720 DATA 40,40,231,253,35,54,0,35,229,205
12730 DATA 107,42,62,5,186,40,1,61,54,0
12740 DATA 35,61,32,250,34,226,130,205,191,53
12750 DATA 225,175,201,205,120,68,33,0,0,253
12760 DATA 126,0,214,48,216,254,10,208,253,35
12770 DATA 84,93,41,56,15,41,56,12,25,56
12780 DATA 9,41,56,6,95,22,0,25,48,225
12790 DATA 62,20,195,219,38,205,193,42,124,181
12800 DATA 32,2,46,10,205,194,54,253,35,229
12810 DATA 33,10,0,196,193,42,227,193,120,177
12820 DATA 192,205,240,38,83,105,108,108,121,0
12830 DATA 205,193,42,229,205,194,54,40,9,254
12840 DATA 231,40,5,253,35,205,193,42,227,205
12850 DATA 171,40,193,201,253,126,0,254,36,200
12860 DATA 254,37,200,254,40,200,254,48,216,254
12870 DATA 58,63,208,254,64,200,254,65,216,254
12880 DATA 91,63,208,254,95,216,254,123,63,201
12890 DATA 175,205,240,38,134,8,0,18,19,253
12900 DATA 35,123,254,252,48,240,253,126,0,254
12910 DATA 13,200,205,50,43,48,4,203,169,203
12920 DATA 153,254,32,40,228,254,44,40,224,254
12930 DATA 71,56,2,203,153,254,34,32,5,203
12940 DATA 17,63,203,25,203,97,40,16,203,161
12950 DATA 197,213,205,193,42,209,193,124,181,196
12960 DATA 249,43,24,193,13,40,9,12,32,183
12970 DATA 183,244,47,39,24,18,254,42,40,22
12980 DATA 183,244,47,39,254,143,56,6,254,148
12990 DATA 48,2,198,64,254,244,40,4,254,220
13000 DATA 32,2,203,241,254,164,40,9,254,242
13010 DATA 40,5,205,60,43,56,2,203,233,254
13020 DATA 38,32,2,203,217,33,240,43,197,1
13030 DATA 6,0,237,177,193,32,2,203,225,33
13040 DATA 244,43,197,1,5,0,237,177,193,32
13050 DATA 2,203,193,195,81,43,229,228,247,252
13060 DATA 140,139,245,133,58,203,225,235,54,141
13070 DATA 35,122,230,192,15,15,71,123,230,192
13080 DATA 176,15,15,238,84,119,35,123,230,63
13090 DATA 246,64,119,35,122,230,63,246,64,119
13100 DATA 35,235,201,42,238,130,126,35,183,200
13110 DATA 205,141,40,24,247,227,205,34,44,227
13120 DATA 201,119,38,17,37,175,38,64,37,145
13130 DATA 38,150,38,190,37,189,38,56,53,238
13140 DATA 51,3,52,18,52,51,52,70,52,102
13150 DATA 1,186,52,205,52,170,44,200,51,177
13160 DATA 52,78,1,165,51,97,45,97,45,14
13170 DATA 46,84,1,16,45,253,49,87,1,82
13180 DATA 48,13,48,246,47,90,1,120,51,136
13190 DATA 50,129,45,175,49,93,1,96,1,151
13200 DATA 48,144,47,144,52,99,1,187,46,32
13210 DATA 49,39,51,97,45,40,48,194,51,208
13220 DATA 51,24,48,165,44,175,51,81,1,118
13230 DATA 52,48,48,107,52,77,45,205,194,54
13240 DATA 40,13,205,157,62,62,13,18,237,123
13250 DATA 228,130,205,131,39,237,123,228,130,221
13260 DATA 33,246,130,237,95,32,29,60,7,7
13270 DATA 221,119,3,159,221,119,4,205,204,39
13280 DATA 33,0,0,34,236,130,42,220,130,62
13290 DATA 220,205,128,55,34,240,130,253,42,220
13300 DATA 130,205,32,45,253,34,244,130,205,72
13310 DATA 1,205,120,68,253,35,254,58,40,247
13320 DATA 254,13,40,233,214,198,56,111,135,79
13330 DATA 6,0,33,49,44,9,126,35,102,111
13340 DATA 205,120,68,233,205,196,40,124,181,202
13350 DATA 111,32,30,0,205,45,1,195,110,32
13360 DATA 253,126,0,1,3,0,253,9,183,40
13370 DATA 229,42,232,130,124,181,200,253,86,255
13380 DATA 253,94,254,237,82,216,235,62,91,205
13390 DATA 116,40,205,1,41,62,93,205,116,40
13400 DATA 62,32,195,116,40,205,157,62,62,13
13410 DATA 18,33,0,128,205,33,1,24,141,253
13420 DATA 229,225,205,33,1,253,229,225,62,13
13430 DATA 71,237,177,229,253,225,195,229,44,254
13440 DATA 197,40,238,254,100,40,228,254,119,40
13450 DATA 76,254,149,40,30,253,43,205,74,53
13460 DATA 202,232,44,56,54,245,205,214,54,229
13470 DATA 205,157,62,221,225,241,205,135,53,195
13480 DATA 232,44,205,32,45,253,34,244,130,205
13490 DATA 72,1,205,201,55,56,22,254,13,40
13500 DATA 237,33,254,130,126,230,15,246,48,119
13510 DATA 24,223,205,63,41,200,210,48,41,62
13520 DATA 16,33,62,17,195,219,38,205,132,61
13530 DATA 67,235,217,235,193,33,162,54,183,237
13540 DATA 66,40,25,33,32,49,183,237,66,62
13550 DATA 7,32,227,253,225,253,34,244,130,235
13560 DATA 217,235,17,0,128,88,8,201,221,225
13570 DATA 193,120,183,250,1,46,225,217,225,217
13580 DATA 205,94,53,24,205,33,0,0,57,213
13590 DATA 89,205,138,53,209,249,24,192,205,63
13600 DATA 41,56,123,202,150,46,205,125,42,229
13610 DATA 221,225,253,126,0,254,40,122,32,114
13620 DATA 229,245,17,1,0,66,253,35,197,213
13630 DATA 221,229,205,148,62,203,124,32,87,217
13640 DATA 35,221,225,221,35,221,117,0,221,35
13650 DATA 221,116,0,193,205,163,55,56,70,235
13660 DATA 193,4,253,126,0,254,44,40,213,205
13670 DATA 60,68,241,221,35,221,227,221,112,0
13680 DATA 205,150,55,225,56,43,25,56,40,229
13690 DATA 36,40,36,237,114,48,32,225,34,226
13700 DATA 130,122,179,40,6,43,54,0,27,24
13710 DATA 246,205,120,68,254,44,194,232,44,253
13720 DATA 35,205,120,68,24,128,62,10,33,62
13730 DATA 11,195,219,38,183,40,245,250,142,46
13740 DATA 71,253,126,255,254,41,120,40,233,42
13750 DATA 226,130,217,33,0,0,76,205,94,53
13760 DATA 205,148,62,217,35,235,42,226,130,24
13770 DATA 171,254,35,32,107,205,193,55,205,120
13780 DATA 68,254,44,194,232,44,253,35,213,205
13790 DATA 132,61,8,250,241,46,209,197,217,125
13800 DATA 217,205,36,1,217,124,217,205,36,1
13810 DATA 125,205,36,1,124,205,36,1,193,121
13820 DATA 205,36,1,24,209,75,209,33,0,128
13830 DATA 12,13,40,9,126,35,197,205,36,1
13840 DATA 193,24,244,62,13,205,36,1,24,184
13850 DATA 6,2,24,34,1,0,1,24,29,33
13860 DATA 0,130,175,190,40,16,58,251,130,183
13870 DATA 40,10,150,40,7,48,251,237,68,205
13880 DATA 42,55,58,0,130,79,6,0,205,194
13890 DATA 54,40,56,203,128,253,35,254,126,40
13900 DATA 205,254,59,40,205,254,44,40,206,205
13910 DATA 227,54,40,230,253,43,197,205,132,61
13920 DATA 8,250,103,47,209,213,203,74,245,204
13930 DATA 150,67,241,196,83,67,193,197,121,147
13940 DATA 212,42,55,193,205,56,55,24,195,203
13950 DATA 64,204,109,40,195,232,44,253,35,33
13960 DATA 0,0,34,236,130,205,120,68,254,135
13970 DATA 253,35,202,232,44,253,43,253,34,236
13980 DATA 130,195,97,45,254,133,40,225,205,148
13990 DATA 62,253,126,0,253,35,30,44,254,229
14000 DATA 40,11,254,228,40,7,30,242,187,62
14010 DATA 39,32,65,87,217,229,217,193,120,180
14020 DATA 181,32,39,177,40,36,13,40,13,205
14030 DATA 194,54,40,28,253,35,187,32,246,13
14040 DATA 32,243,123,254,242,40,34,213,205,171
14050 DATA 62,209,122,254,229,40,38,205,206,54
14060 DATA 24,50,253,126,0,253,35,254,139,202
14070 DATA 138,51,254,13,32,242,62,40,195,219
14080 DATA 38,62,238,195,32,49,205,171,62,205
14090 DATA 194,54,194,191,45,217,205,171,40,229
14100 DATA 253,225,202,229,44,62,41,24,225,205
14110 DATA 171,62,253,229,205,191,53,205,249,47
14120 DATA 209,33,24,48,183,237,82,253,225,202
14130 DATA 232,44,62,38,24,198,253,229,205,191
14140 DATA 53,205,232,44,193,197,33,48,48,183
14150 DATA 237,66,62,43,32,178,205,148,62,205
14160 DATA 31,67,193,209,32,5,213,197,213,253
14170 DATA 225,195,232,44,62,34,24,156,205,74
14180 DATA 53,32,247,245,253,126,0,254,184,62
14190 DATA 36,32,141,253,35,221,229,205,141,62
14200 DATA 221,225,241,71,197,229,33,0,0,76
14210 DATA 217,229,33,1,0,217,253,126,0,254
14220 DATA 136,32,9,253,35,221,229,205,141,62
14230 DATA 221,225,197,229,217,229,217,253,229,221
14240 DATA 229,205,191,53,205,232,44,193,33,151
14250 DATA 48,183,237,66,62,32,32,119,205,194
14260 DATA 54,225,229,197,229,196,63,41,209,235
14270 DATA 183,237,82,32,84,213,221,33,8,0
14280 DATA 221,57,205,197,63,221,126,11,221,225
14290 DATA 205,77,63,203,122,245,62,11,205,156
14300 DATA 68,56,74,241,245,205,94,53,221,33
14310 DATA 14,0,221,57,205,197,63,241,204,23
14320 DATA 67,62,8,205,156,68,56,49,36,32
14330 DATA 17,33,18,0,57,249,205,120,68,254
14340 DATA 44,194,232,44,253,35,24,155,193,209
14350 DATA 253,225,253,229,213,197,195,232,44,33
14360 DATA 18,0,57,249,193,33,151,48,237,66
14370 DATA 225,229,197,40,152,62,33,195,219,38
14380 DATA 245,205,36,49,245,205,36,49,205,191
14390 DATA 53,253,43,253,229,205,219,41,193,40
14400 DATA 57,62,30,56,228,197,42,220,130,62
14410 DATA 221,205,128,55,56,33,229,253,225,253
14420 DATA 35,205,120,68,205,219,41,253,229,209
14430 DATA 56,9,196,125,42,253,229,209,115,35
14440 DATA 114,235,62,13,71,237,177,24,216,253
14450 DATA 225,205,219,41,62,29,32,175,94,35
14460 DATA 86,33,2,0,57,205,120,68,213,253
14470 DATA 227,209,254,40,32,27,205,120,68,254
14480 DATA 40,194,191,45,253,229,193,217,205,80
14490 DATA 54,205,60,68,217,197,253,225,229,205
14500 DATA 219,53,225,115,35,126,114,254,238,194
14510 DATA 232,44,213,253,227,205,206,54,253,227
14520 DATA 209,114,43,115,195,232,44,193,197,33
14530 DATA 32,49,183,237,66,40,19,33,36,49
14540 DATA 183,237,66,40,11,33,162,54,183,237
14550 DATA 66,62,12,194,219,38,253,229,193,217
14560 DATA 253,43,205,80,54,217,197,253,225,205
14570 DATA 63,41,194,191,45,183,8,205,190,67
14580 DATA 8,245,244,94,53,241,89,252,138,53
14590 DATA 205,120,68,254,44,194,232,44,253,35
14600 DATA 205,120,68,24,220,193,33,162,54,183
14610 DATA 237,66,40,16,33,36,49,183,237,66
14620 DATA 253,225,202,232,44,62,13,195,219,38
14630 DATA 221,225,193,120,183,250,39,50,225,217
14640 DATA 225,217,205,94,53,24,214,33,0,0
14650 DATA 57,89,205,138,53,249,24,203,205,193
14660 DATA 55,205,120,68,254,44,194,232,44,253
14670 DATA 35,205,120,68,213,205,184,45,209,245
14680 DATA 229,183,250,111,50,205,39,1,217,111
14690 DATA 217,205,39,1,217,103,217,205,39,1
14700 DATA 111,205,39,1,103,205,39,1,79,221
14710 DATA 225,241,213,205,94,53,209,24,198,33
14720 DATA 0,128,205,39,1,254,13,40,4,119
14730 DATA 44,32,245,221,225,241,213,235,205,135
14740 DATA 53,209,24,173,254,35,40,166,14,0
14750 DATA 254,134,32,4,253,35,14,128,33,0
14760 DATA 129,54,13,205,194,54,202,232,44,253
14770 DATA 35,254,44,40,81,254,59,40,77,229
14780 DATA 254,34,32,10,197,205,143,63,193,205
14790 DATA 56,55,24,5,205,227,54,32,5,225
14800 DATA 203,193,24,210,253,43,197,205,184,45
14810 DATA 193,225,245,126,35,254,13,204,252,50
14820 DATA 203,121,245,196,86,55,241,204,69,55
14830 DATA 241,197,229,183,250,243,50,245,221,229
14840 DATA 205,70,65,221,225,241,205,94,53,24
14850 DATA 3,205,135,53,225,193,203,129,24,159
14860 DATA 203,65,32,10,62,63,205,116,40,62
14870 DATA 32,205,116,40,33,0,129,197,229,221
14880 DATA 229,205,30,1,221,225,225,193,71,175
14890 DATA 50,251,130,184,200,126,254,13,200,35
14900 DATA 16,249,201,254,35,202,50,50,42,240
14910 DATA 130,126,35,254,13,204,108,51,229,205
14920 DATA 184,45,225,183,250,82,51,229,253,227
14930 DATA 245,221,229,205,141,62,221,225,241,205
14940 DATA 94,53,253,227,24,7,205,69,55,229
14950 DATA 205,135,53,225,34,240,130,205,120,68
14960 DATA 254,44,194,232,44,253,35,205,120,68
14970 DATA 24,195,62,220,205,128,55,35,208,62
14980 DATA 42,195,219,38,205,148,62,205,31,67
14990 DATA 40,21,253,126,0,254,140,194,232,44
15000 DATA 253,35,205,120,68,254,141,194,232,44
15010 DATA 195,246,47,253,126,0,254,13,253,35
15020 DATA 202,229,44,254,139,32,242,24,229,205
15030 DATA 0,1,175,50,251,130,195,232,44,205
15040 DATA 43,44,13,10,250,0,205,196,40,205
15050 DATA 238,40,205,109,40,195,111,32,205,31
15060 DATA 44,195,232,44,205,204,39,42,220,130
15070 DATA 24,19,42,220,130,205,194,54,40,11
15080 DATA 205,171,62,217,205,171,40,62,41,32
15090 DATA 146,62,220,205,128,55,34,240,130,195
15100 DATA 232,44,205,183,55,205,214,54,123,245
15110 DATA 205,148,62,229,217,209,241,205,63,1
15120 DATA 195,232,44,205,214,54,205,148,62,217
15130 DATA 46,0,34,220,130,195,232,44,254,36
15140 DATA 40,15,205,214,54,205,148,62,229,217
15150 DATA 209,205,3,1,195,232,44,253,35,205
15160 DATA 214,54,205,157,62,205,114,1,195,232
15170 DATA 44,205,214,54,205,148,62,205,204,39
15180 DATA 217,34,224,130,34,226,130,195,232,44
15190 DATA 205,214,54,205,148,62,217,237,91,226
15200 DATA 130,20,175,237,82,25,218,219,38,237
15210 DATA 91,228,130,34,228,130,235,237,114,194
15220 DATA 232,44,235,249,195,232,44,205,148,62
15230 DATA 217,125,50,252,130,195,232,44,253,35
15240 DATA 33,0,0,254,238,40,10,254,135,40
15250 DATA 7,253,43,205,148,62,217,43,34,232
15260 DATA 130,195,232,44,205,148,62,217,125,205
15270 DATA 21,1,253,126,0,254,44,40,8,254
15280 DATA 59,32,6,124,205,21,1,253,35,205
15290 DATA 194,54,32,226,195,232,44,205,183,55
15300 DATA 205,45,1,195,232,44,205,183,55,213
15310 DATA 205,48,68,205,148,62,217,125,209,205
15320 DATA 36,1,195,232,44,205,148,62,217,229
15330 DATA 6,0,17,0,129,205,120,68,254,44
15340 DATA 32,23,253,35,4,205,120,68,197,213
15350 DATA 205,184,45,209,193,19,18,19,235,115
15360 DATA 35,114,235,24,226,120,50,0,129,225
15370 DATA 205,4,53,195,232,44,205,171,62,217
15380 DATA 229,253,227,36,33,51,53,229,221,33
15390 DATA 0,130,204,51,1,221,78,24,197,241
15400 DATA 221,126,4,221,70,8,221,78,12,221
15410 DATA 86,16,221,94,20,221,102,32,221,110
15420 DATA 48,221,33,0,129,253,233,253,225,175
15430 DATA 79,201,205,148,62,217,229,205,48,68
15440 DATA 205,148,62,217,193,237,105,195,232,44
15450 DATA 205,63,41,216,196,48,41,183,248,245
15460 DATA 205,214,54,229,205,141,62,221,225,241
15470 DATA 203,71,40,19,191,221,113,4,217,221
15480 DATA 117,0,221,116,1,217,221,117,2,221
15490 DATA 116,3,201,245,12,13,196,59,65,241
15500 DATA 254,4,40,230,191,217,221,117,0,217
15510 DATA 201,33,0,128,31,48,63,229,205,89
15520 DATA 63,123,217,111,124,217,187,48,20,217
15530 DATA 101,217,229,6,0,79,9,237,75,226
15540 DATA 130,237,66,225,55,40,2,96,105,205
15550 DATA 102,53,6,0,75,235,225,13,12,200
15560 DATA 237,176,208,237,83,226,130,229,42,226
15570 DATA 130,36,237,114,225,216,175,195,219,38
15580 DATA 75,221,229,209,175,71,185,40,2,237
15590 DATA 176,62,13,18,201,62,255,245,253,35
15600 DATA 19,213,205,120,68,205,63,41,56,56
15610 DATA 196,48,41,209,229,183,245,213,253,227
15620 DATA 250,9,54,205,141,62,253,227,209,241
15630 DATA 217,229,217,229,71,197,205,191,53,24
15640 DATA 13,205,157,62,253,227,217,209,217,241
15650 DATA 205,223,67,217,205,120,68,254,44,32
15660 DATA 10,26,254,44,40,188,62,31,195,219
15670 DATA 38,205,60,68,26,254,41,32,243,19
15680 DATA 217,193,120,60,217,200,217,61,250,70
15690 DATA 54,225,217,225,217,221,225,205,94,53
15700 DATA 24,235,205,254,67,221,225,205,135,53
15710 DATA 24,225,209,253,35,205,120,68,213,217
15720 DATA 197,213,229,217,205,184,45,217,225,209
15730 DATA 193,217,209,183,250,119,54,217,229,217
15740 DATA 71,205,77,63,217,227,217,229,197,24
15750 DATA 38,245,213,217,229,217,205,215,63,217
15760 DATA 225,217,75,209,205,191,53,241,33,0
15770 DATA 0,69,237,66,57,249,71,197,40,9
15780 DATA 213,17,0,128,235,69,237,176,209,221
15790 DATA 229,205,162,54,205,191,53,205,120,68
15800 DATA 254,44,40,165,235,233,253,126,0,254
15810 DATA 32,200,254,44,200,254,41,200,254,59
15820 DATA 200,254,92,200,24,6,205,120,68,254
15830 DATA 139,208,254,58,208,254,13,201,205,194
15840 DATA 54,200,253,35,24,248,205,120,68,253
15850 DATA 35,254,61,200,62,4,195,219,38,254
15860 DATA 138,40,12,254,137,40,56,254,39,192
15870 DATA 205,109,40,175,201,197,205,148,62,217
15880 DATA 193,253,126,0,254,44,40,17,205,60
15890 DATA 68,125,33,251,130,190,200,245,220,109
15900 DATA 40,241,150,24,25,253,35,197,229,205
15910 DATA 148,62,217,209,193,205,60,68,205,9
15920 DATA 1,175,201,197,205,171,62,217,125,193
15930 DATA 183,200,197,71,62,32,205,116,40,16
15940 DATA 249,193,175,201,33,0,128,28,29,200
15950 DATA 126,35,205,116,40,24,247,245,197,229
15960 DATA 253,227,205,98,55,205,120,68,253,227
15970 DATA 225,193,241,201,17,0,128,126,18,254
15980 DATA 13,200,35,28,24,247,205,120,68,254
15990 DATA 34,253,35,202,143,63,253,43,17,0
16000 DATA 128,253,126,0,18,254,44,200,254,13
16010 DATA 200,253,35,28,24,241,6,0,78,12
16020 DATA 13,40,12,35,35,35,190,200,13,13
16030 DATA 13,9,195,130,55,43,55,201,254,5
16040 DATA 98,107,41,216,41,216,235,192,25,235
16050 DATA 201,235,33,0,0,62,16,41,216,203
16060 DATA 35,203,18,48,2,9,216,61,32,243
16070 DATA 201,205,120,68,254,35,62,45,194,219
16080 DATA 38,253,35,205,171,62,217,235,201,205
16090 DATA 63,59,253,35,254,58,40,247,254,93
16100 DATA 200,254,13,200,253,43,221,42,64,130
16110 DATA 33,254,130,203,118,40,4,221,42,60
16120 DATA 130,221,229,253,229,205,125,56,193,209
16130 DATA 216,205,63,59,55,192,253,43,253,35
16140 DATA 253,126,0,205,200,54,32,246,58,254
16150 DATA 130,221,229,225,183,237,82,235,229,42
16160 DATA 64,130,229,25,34,64,130,203,119,40
16170 DATA 7,42,60,130,25,34,60,130,225,221
16180 DATA 225,203,103,40,160,124,205,105,56,125
16190 DATA 205,98,56,175,187,40,21,58,251,130
16200 DATA 254,17,62,5,212,4,55,221,126,0
16210 DATA 205,98,56,221,35,29,32,235,62,18
16220 DATA 205,4,55,253,229,225,237,66,10,205
16230 DATA 141,40,3,45,32,248,205,109,40,195
16240 DATA 201,55,205,105,56,62,32,24,17,245
16250 DATA 15,15,15,15,205,114,56,241,230,15
16260 DATA 198,144,39,206,64,39,195,141,40,254
16270 DATA 46,32,22,253,35,221,229,205,184,45
16280 DATA 245,205,190,67,217,42,64,130,217,241
16290 DATA 205,94,53,221,225,205,63,59,200,254
16300 DATA 214,14,196,253,35,202,142,57,253,43
16310 DATA 33,81,59,205,246,58,216,72,22,0
16320 DATA 214,39,48,7,254,232,212,92,58,24
16330 DATA 104,214,10,48,15,254,249,220,230,58
16340 DATA 216,205,187,58,216,205,96,58,24,85
16350 DATA 214,3,48,6,205,218,58,216,24,75
16360 DATA 214,10,48,50,254,253,6,7,212,110
16370 DATA 58,120,254,7,32,16,205,187,58,121
16380 DATA 48,40,238,70,205,98,58,205,158,58
16390 DATA 24,120,230,63,254,12,55,192,121,254
16400 DATA 128,14,9,40,205,238,28,15,79,205
16410 DATA 92,58,24,196,214,2,48,20,205,193
16420 DATA 58,121,210,98,58,238,100,7,7,7
16430 DATA 79,205,222,58,216,121,24,127,214,2
16440 DATA 48,33,254,255,204,81,58,8,205,193
16450 DATA 58,216,8,220,81,58,36,40,232,120
16460 DATA 254,7,55,192,121,238,3,7,7,7
16470 DATA 205,142,58,24,37,214,2,48,36,254
16480 DATA 255,196,199,58,121,48,2,62,24,205
16490 DATA 142,58,205,158,58,237,91,64,130,19
16500 DATA 55,237,82,125,23,159,188,62,1,194
16510 DATA 219,38,125,24,50,71,32,22,205,199
16520 DATA 58,121,48,11,120,230,63,254,6,62
16530 DATA 233,40,32,62,195,205,142,58,24,5
16540 DATA 16,12,205,169,57,205,158,58,205,112
16550 DATA 57,124,24,11,16,11,205,158,58,161
16560 DATA 180,32,200,125,177,24,120,16,10,205
16570 DATA 199,58,121,48,112,246,9,24,108,16
16580 DATA 108,205,243,58,48,95,205,193,58,8
16590 DATA 205,63,59,254,40,40,29,8,210,232
16600 DATA 56,14,1,205,222,58,216,62,14,184
16610 DATA 71,204,218,58,120,230,63,254,12,121
16620 DATA 32,169,62,249,24,61,8,197,212,187
16630 DATA 58,121,193,48,119,14,10,205,222,58
16640 DATA 205,56,58,48,146,205,158,58,14,2
16650 DATA 205,218,58,205,56,58,216,205,142,58
16660 DATA 24,142,5,202,243,56,16,133,205,158
16670 DATA 58,33,254,130,79,237,111,121,237,103
16680 DATA 201,254,4,220,92,58,120,24,109,16
16690 DATA 227,221,229,205,157,62,221,225,33,0
16700 DATA 128,175,187,200,126,35,205,142,58,29
16710 DATA 24,245,120,56,14,120,230,63,254,12
16720 DATA 121,200,205,92,58,121,246,67,201,254
16730 DATA 7,55,192,121,246,48,201,197,205,110
16740 DATA 58,203,104,193,40,68,38,255,62,237
16750 DATA 24,46,62,203,254,118,55,200,205,142
16760 DATA 58,20,240,123,24,32,229,33,152,60
16770 DATA 205,246,58,225,216,203,120,200,203,88
16780 DATA 229,204,149,58,93,225,62,221,203,112
16790 DATA 40,2,62,253,183,20,87,248,221,119
16800 DATA 0,221,35,183,201,253,126,0,254,41
16810 DATA 33,0,0,200,205,63,59,197,213,221
16820 DATA 229,205,148,62,221,225,217,209,193,125
16830 DATA 183,201,205,110,58,216,120,230,63,254
16840 DATA 8,63,201,205,176,58,216,24,47,205
16850 DATA 176,58,216,24,38,205,110,58,216,120
16860 DATA 230,31,214,16,48,27,254,241,55,192
16870 DATA 62,3,24,19,205,110,58,216,120,230
16880 DATA 15,214,8,216,24,7,205,158,58,254
16890 DATA 8,63,216,7,7,7,177,79,201,33
16900 DATA 221,60,205,63,59,6,0,55,200,254
16910 DATA 221,40,4,254,133,63,216,126,183,40
16920 DATA 240,253,174,0,230,95,40,9,203,126
16930 DATA 35,40,251,35,4,24,236,253,229,203
16940 DATA 126,253,35,35,32,16,190,204,62,59
16950 DATA 126,253,174,0,230,95,40,237,253,225
16960 DATA 24,222,205,174,54,196,75,59,32,244
16970 DATA 120,70,225,201,35,205,174,54,192,205
16980 DATA 186,54,200,253,35,24,244,254,43,200
16990 DATA 254,45,201,78,79,208,0,82,76,67
17000 DATA 193,7,69,88,0,65,70,0,65,70
17010 DATA 167,8,82,82,67,193,15,82,76,193
17020 DATA 23,82,82,193,31,68,65,193,39,67
17030 DATA 80,204,47,83,67,198,55,67,67,198
17040 DATA 63,72,65,76,212,118,69,88,216,217
17050 DATA 69,88,0,68,69,0,72,204,235,68
17060 DATA 201,243,69,201,251,78,69,199,68,73
17070 DATA 77,0,176,70,82,69,84,206,69,82
17080 DATA 69,84,201,77,73,77,0,177,86,73
17090 DATA 77,0,178,94,82,82,196,103,82,76
17100 DATA 196,111,76,68,201,160,67,80,201,161
17110 DATA 73,78,201,162,79,85,84,201,163,76
17120 DATA 68,196,168,67,80,196,169,73,78,196
17130 DATA 170,79,85,84,196,171,76,68,73,210
17140 DATA 176,67,80,73,210,177,73,78,73,210
17150 DATA 178,79,84,73,210,179,76,68,68,210
17160 DATA 184,67,80,68,210,185,73,78,68,210
17170 DATA 186,79,84,68,210,187,66,73,212,64
17180 DATA 82,69,211,128,83,69,212,192,82,76
17190 DATA 195,0,82,82,195,8,82,204,16,82
17200 DATA 210,24,83,76,193,32,83,82,193,40
17210 DATA 83,82,204,56,80,79,208,193,80,85
17220 DATA 83,200,197,69,88,0,40,83,208,227
17230 DATA 83,85,194,144,65,78,196,160,88,79
17240 DATA 210,168,79,210,176,67,208,184,128,160
17250 DATA 132,176,65,68,196,128,65,68,195,136
17260 DATA 83,66,195,152,73,78,195,4,68,69
17270 DATA 195,5,73,206,64,79,85,212,65,74
17280 DATA 210,32,68,74,78,218,16,74,208,194
17290 DATA 67,65,76,204,196,82,83,212,199,82
17300 DATA 69,212,192,76,196,64,93,205,0,93
17310 DATA 194,0,79,80,212,0,93,215,0,0
17320 DATA 194,0,195,1,196,2,197,3,200,4
17330 DATA 204,5,40,72,204,6,193,7,40,73
17340 DATA 216,134,40,73,217,198,66,195,8,68
17350 DATA 197,10,72,204,12,73,216,140,73,217
17360 DATA 204,65,198,14,83,208,14,78,218,16
17370 DATA 218,17,78,195,18,80,207,20,80,197
17380 DATA 21,208,22,205,23,40,195,32,0,73
17390 DATA 0,193,71,82,0,193,79,65,0,201
17400 DATA 87,65,0,210,95,40,66,67,0,193
17410 DATA 2,40,68,69,0,193,18,65,0,40
17420 DATA 66,195,10,65,0,40,68,197,26,0
17430 DATA 38,67,127,64,156,64,81,64,164,64
17440 DATA 71,64,76,64,240,64,44,65,105,1
17450 DATA 52,64,36,65,40,65,16,64,16,65
17460 DATA 111,64,248,64,101,64,106,64,80,65
17470 DATA 24,65,148,64,190,67,28,49,30,64
17480 DATA 25,64,233,65,4,65,65,64,28,65
17490 DATA 32,65,244,64,124,64,122,64,236,64
17500 DATA 108,1,249,63,252,64,125,65,0,65
17510 DATA 20,65,8,65,12,65,86,64,225,64
17520 DATA 0,53,67,65,255,63,103,66,110,66
17530 DATA 116,66,181,66,132,66,208,66,126,67
17540 DATA 228,66,4,64,207,64,215,64,201,64
17550 DATA 188,64,221,64,194,64,205,153,61,254
17560 DATA 130,40,3,254,132,192,205,73,68,205
17570 DATA 153,61,205,87,68,24,238,205,170,61
17580 DATA 254,128,192,205,73,68,205,170,61,205
17590 DATA 87,68,24,242,205,9,62,205,36,68
17600 DATA 192,71,253,35,205,120,68,205,36,68
17610 DATA 32,8,253,35,184,202,191,45,128,71
17620 DATA 120,8,250,220,61,8,214,4,254,58
17630 DATA 32,2,198,2,205,75,68,205,9,62
17640 DATA 205,87,68,201,8,61,230,7,205,223
17650 DATA 67,245,205,9,62,8,242,185,62,241
17660 DATA 75,209,33,0,0,57,67,213,17,0
17670 DATA 128,235,205,131,68,209,235,38,0,57
17680 DATA 249,235,175,79,8,253,126,0,201,205
17690 DATA 88,62,254,45,40,8,254,43,192,8
17700 DATA 250,35,62,8,205,73,68,205,88,62
17710 DATA 205,87,68,24,233,8,253,35,205,223
17720 DATA 67,205,88,62,8,242,185,62,75,209
17730 DATA 213,33,0,128,84,121,183,40,15,69
17740 DATA 111,131,95,62,19,218,219,38,213,29
17750 DATA 45,237,184,209,217,193,205,254,67,217
17760 DATA 246,128,8,253,126,0,24,180,205,117
17770 DATA 62,254,42,40,11,254,47,40,7,254
17780 DATA 131,40,3,254,129,192,205,73,68,205
17790 DATA 117,62,205,87,68,24,230,205,16,63
17800 DATA 183,8,205,120,68,254,94,192,205,73
17810 DATA 68,205,16,63,183,8,205,87,68,24
17820 DATA 237,205,132,61,8,240,24,37,205,132
17830 DATA 61,8,242,59,65,24,28,205,132,61
17840 DATA 8,248,24,21,205,16,63,183,240,24
17850 DATA 14,205,16,63,183,242,59,65,24,5
17860 DATA 205,16,63,183,248,62,6,195,219,38
17870 DATA 205,132,61,205,60,68,8,201,205,190
17880 DATA 67,205,17,68,56,24,253,35,230,15
17890 DATA 6,4,217,41,217,237,106,16,249,217
17900 DATA 181,111,217,205,17,68,48,234,175,201
17910 DATA 62,28,195,219,38,205,164,62,13,12
17920 DATA 40,6,124,238,128,103,175,201,217,124
17930 DATA 47,103,125,47,111,217,124,47,103,125
17940 DATA 47,111,217,35,124,181,217,62,0,192
17950 DATA 35,201,205,191,53,205,120,68,253,35
17960 DATA 254,38,40,170,254,45,40,203,254,43
17970 DATA 40,128,254,40,40,150,254,34,40,99
17980 DATA 254,198,210,191,45,254,141,210,137,68
17990 DATA 253,43,254,58,48,8,254,48,48,116
18000 DATA 254,46,40,112,205,63,41,32,43,183
18010 DATA 250,215,63,183,40,24,14,0,203,71
18020 DATA 40,3,221,78,4,217,221,110,0,221
18030 DATA 102,1,217,221,110,2,221,102,3,201
18040 DATA 33,0,0,217,38,0,221,110,0,217
18050 DATA 76,201,218,191,45,58,254,130,203,111
18060 DATA 62,26,32,35,253,35,205,38,43,48
18070 DATA 249,221,33,64,130,175,79,24,202,17
18080 DATA 0,128,253,126,0,253,35,254,34,40
18090 DATA 11,18,28,254,13,32,241,62,9,195
18100 DATA 219,38,253,126,0,254,52,253,35,40
18110 DATA 236,253,43,62,128,201,253,229,221,225
18120 DATA 62,36,205,156,68,56,228,221,229,253
18130 DATA 225,175,201,221,70,4,217,221,94,0
18140 DATA 221,86,1,217,221,94,2,221,86,3
18150 DATA 201,17,0,128,31,48,16,205,89,63
18160 DATA 217,125,217,183,79,62,128,200,6,0
18170 DATA 237,176,201,126,18,35,254,13,62,128
18180 DATA 200,28,32,245,201,205,12,1,235,24
18190 DATA 117,205,12,1,24,112,205,183,55,205
18200 DATA 42,1,202,225,64,195,190,67,205,183
18210 DATA 55,205,39,1,111,24,89,205,116,66
18220 DATA 24,25,205,120,68,254,40,32,10,205
18230 DATA 171,62,217,68,77,237,104,24,67,205
18240 DATA 110,66,24,8,205,180,62,175,187,202
18250 DATA 225,64,42,0,128,24,49,205,180,62
18260 DATA 235,24,43,42,224,130,24,40,42,228
18270 DATA 130,24,35,42,220,130,24,30,253,126
18280 DATA 0,253,35,254,80,194,191,45,42,222
18290 DATA 130,24,15,42,242,130,24,10,42,253
18300 DATA 130,24,3,42,251,130,38,0,217,175
18310 DATA 79,103,111,201,175,33,62,2,33,62
18320 DATA 1,245,205,180,62,62,13,18,241,198
18330 DATA 255,33,0,128,205,48,1,111,24,222
18340 DATA 205,183,55,205,66,1,24,18,205,183
18350 DATA 55,205,60,1,24,10,253,126,0,254
18360 DATA 36,40,9,205,6,1,213,217,225,175
18370 DATA 79,201,253,35,205,111,1,62,128,201
18380 DATA 205,187,67,208,24,31,205,187,67,200
18390 DATA 216,24,24,205,187,67,216,24,18,205
18400 DATA 187,67,40,13,208,24,10,205,187,67
18410 DATA 200,24,4,205,187,67,192,62,255,217
18420 DATA 103,111,217,103,111,60,79,201,62,35
18430 DATA 24,67,62,16,24,58,62,26,24,54
18440 DATA 62,21,24,50,62,27,24,46,62,28
18450 DATA 24,42,62,23,24,38,62,30,24,34
18460 DATA 62,31,24,30,62,20,24,26,62,29
18470 DATA 24,22,62,22,24,18,62,24,24,14
18480 DATA 62,25,24,10,62,18,24,6,62,19
18490 DATA 24,2,62,17,245,205,164,62,241,205
18500 DATA 156,68,218,219,38,175,201,62,38,24
18510 DATA 244,62,39,24,240,205,180,62,175,18
18520 DATA 221,33,0,128,62,36,24,227,205,180
18530 DATA 62,62,13,18,253,229,17,0,128,253
18540 DATA 33,0,128,14,0,205,85,43,18,19
18550 DATA 175,205,223,67,253,33,2,0,253,57
18560 DATA 205,132,61,253,225,253,57,253,249,253
18570 DATA 225,8,201,221,33,246,130,205,120,68
18580 DATA 254,40,40,28,205,86,63,203,25,6
18590 DATA 32,217,237,106,217,237,106,203,93,40
18600 DATA 1,63,16,243,203,17,205,99,53,175
18610 DATA 79,201,205,171,62,221,33,246,130,203
18620 DATA 124,55,32,236,205,31,67,245,205,23
18630 DATA 67,217,205,86,63,196,139,65,217,14
18640 DATA 127,203,124,32,8,217,41,217,237,106
18650 DATA 13,32,244,203,188,241,200,217,123,61
18660 DATA 178,217,179,178,200,6,0,62,10,205
18670 DATA 156,68,218,219,38,205,59,65,195,6
18680 DATA 63,205,45,68,205,223,67,205,157,62
18690 DATA 193,33,0,0,57,197,67,205,120,68
18700 DATA 254,44,62,0,32,23,253,35,197,229
18710 DATA 205,223,67,205,148,62,193,205,254,67
18720 DATA 225,193,217,125,217,183,40,1,61,17
18730 DATA 0,128,205,51,66,209,40,3,237,98
18740 DATA 57,237,114,235,38,0,57,249,235,205
18750 DATA 60,68,195,116,64,197,6,0,79,9
18760 DATA 193,145,48,40,237,68,79,26,197,6
18770 DATA 0,237,177,121,193,32,27,79,5,184
18780 DATA 4,56,21,197,213,229,5,40,8,19
18790 DATA 26,190,32,3,35,16,248,225,209,193
18800 DATA 32,221,175,201,246,255,201,205,171,62
18810 DATA 217,125,24,3,205,15,1,55,24,7
18820 DATA 205,171,62,217,205,24,1,17,0,128
18830 DATA 18,62,128,208,28,201,205,45,68,205
18840 DATA 223,67,205,148,62,193,205,254,67,217
18850 DATA 125,217,183,40,13,61,111,147,30,0
18860 DATA 48,6,237,68,79,205,219,66,205,120
18870 DATA 68,254,44,253,35,40,11,253,43,205
18880 DATA 60,68,62,128,201,205,45,68,205,223
18890 DATA 67,205,148,62,193,205,254,67,205,60
18900 DATA 68,217,125,217,187,48,2,107,95,62
18910 DATA 128,201,205,181,66,208,28,29,200,75
18920 DATA 125,147,111,6,0,98,88,237,176,62
18930 DATA 128,201,205,148,62,205,48,68,217,125
18940 DATA 217,245,205,157,62,205,60,68,241,183
18950 DATA 40,212,61,79,62,128,200,28,29,200
18960 DATA 67,98,46,0,197,126,35,18,28,62
18970 DATA 19,202,219,38,16,245,193,13,32,240
18980 DATA 62,128,201,121,72,71,235,217,235,217
18990 DATA 201,124,181,217,180,181,217,201,217,253
19000 DATA 126,0,253,35,23,23,103,230,192,253
19010 DATA 174,0,253,35,111,124,23,23,230,192
19020 DATA 253,174,0,253,35,103,217,175,79,103
19030 DATA 111,201,253,35,205,164,62,205,83,67
19040 DATA 62,128,201,205,59,65,1,8,0,17
19050 DATA 0,128,197,6,4,175,217,41,217,237
19060 DATA 106,23,16,248,193,13,248,40,6,183
19070 DATA 32,3,184,40,233,198,144,39,206,64
19080 DATA 39,18,19,71,24,222,205,120,68,254
19090 DATA 126,40,195,205,164,62,221,33,0,130
19100 DATA 221,126,3,183,221,33,184,67,40,4
19110 DATA 221,33,0,130,17,0,128,62,37,205
19120 DATA 156,68,218,219,38,221,203,2,70,62
19130 DATA 128,200,121,198,4,187,40,247,235,54
19140 DATA 32,35,235,24,246,9,0,205,200,67
19150 DATA 62,0,217,103,111,217,103,111,79,201
19160 DATA 4,12,5,40,10,13,40,12,26,190
19170 DATA 192,19,35,24,243,183,13,200,55,201
19180 DATA 183,12,201,205,191,53,221,225,183,33
19190 DATA 0,128,84,69,237,82,57,249,87,213
19200 DATA 40,10,75,17,0,128,235,237,176,205
19210 DATA 191,53,221,233,221,225,33,0,0,68
19220 DATA 57,17,0,128,12,13,40,2,237,176
19230 DATA 249,221,233,253,126,0,254,48,216,254
19240 DATA 58,63,208,254,65,216,214,55,254,16
19250 DATA 63,201,254,62,208,254,61,208,254,60
19260 DATA 201,205,157,62,205,120,68,253,35,254
19270 DATA 44,200,62,5,24,10,205,120,68,253
19280 DATA 35,254,41,200,62,27,195,219,38,253
19290 DATA 35,8,250,185,62,8,227,217,229,217
19300 DATA 245,197,233,8,250,185,62,217,193,217
19310 DATA 121,193,71,241,217,235,225,217,235,225
19320 DATA 217,197,217,230,15,205,156,68,56,212
19330 DATA 175,8,253,126,0,201,253,126,0,254
19340 DATA 32,192,253,35,195,120,68,229,33,120
19350 DATA 61,24,6,229,214,141,33,6,61,197
19360 DATA 135,79,6,0,9,126,35,102,111,193
19370 DATA 227,201,253,229,253,33,0,0,253,57
19380 DATA 205,179,68,191,253,225,201,62,1,253
19390 DATA 249,183,55,24,245,254,42,48,244,254
19400 DATA 16,48,7,8,120,177,196,61,78,8
19410 DATA 229,33,211,68,197,135,79,6,0,9
19420 DATA 126,35,102,111,193,227,201,74,69,173
19430 DATA 69,92,69,128,69,110,69,220,71,233
19440 DATA 71,209,71,186,71,244,71,119,70,208
19450 DATA 69,197,71,186,69,21,71,47,70,3
19460 DATA 72,95,75,187,74,224,74,249,72,45
19470 DATA 72,158,73,115,72,41,74,169,74,14
19480 DATA 72,53,72,75,72,4,73,137,72,220
19490 DATA 72,185,78,125,73,248,71,33,72,91
19500 DATA 72,103,75,142,77,74,78,143,78,160
19510 DATA 78,71,69,170,69,89,69,125,69,107
19520 DATA 69,215,71,228,71,204,71,181,71,239
19530 DATA 71,197,70,218,69,192,71,196,69,139
19540 DATA 71,50,70,205,133,77,124,162,103,125
19550 DATA 163,111,217,124,162,103,125,163,111,217
19560 DATA 201,205,133,77,124,170,103,125,171,111
19570 DATA 217,124,170,103,125,171,111,217,201,205
19580 DATA 133,77,124,178,103,125,179,111,217,124
19590 DATA 178,103,125,179,111,217,201,205,133,77
19600 DATA 124,170,203,124,8,203,124,196,157,77
19610 DATA 205,116,78,203,124,196,157,77,68,77
19620 DATA 33,0,0,217,68,77,33,0,0,62
19630 DATA 223,205,201,79,217,14,0,8,200,195
19640 DATA 157,77,205,133,77,205,128,69,183,205
19650 DATA 116,78,14,0,240,195,157,77,205,252
19660 DATA 78,224,205,246,78,205,65,78,122,238
19670 DATA 128,87,24,16,124,238,128,103,24,10
19680 DATA 205,246,78,224,205,252,78,205,65,78
19690 DATA 5,4,200,13,12,202,116,78,217,1
19700 DATA 0,0,217,124,170,245,120,185,220,116
19710 DATA 78,120,203,252,196,117,77,241,122,203
19720 DATA 250,250,6,70,205,246,78,220,124,78
19730 DATA 203,252,24,10,205,252,78,220,177,77
19740 DATA 205,30,78,47,217,235,33,0,128,183
19750 DATA 237,66,235,217,204,110,78,220,96,78
19760 DATA 220,136,78,203,188,13,12,202,185,78
19770 DATA 183,240,203,252,201,205,65,78,5,4
19780 DATA 62,18,202,173,68,13,12,200,124,170
19790 DATA 8,203,250,203,252,197,66,75,17,0
19800 DATA 0,217,66,75,17,0,0,62,224,205
19810 DATA 201,79,217,203,122,217,204,228,79,235
19820 DATA 217,203,56,203,25,183,237,66,63,235
19830 DATA 204,110,78,220,96,78,193,220,136,78
19840 DATA 31,121,152,63,195,254,70,124,170,8
19850 DATA 203,124,196,157,77,205,116,78,203,124
19860 DATA 196,157,77,68,77,33,0,0,217,68
19870 DATA 77,33,0,0,62,223,205,247,79,217
19880 DATA 14,191,205,153,78,32,13,203,122,32
19890 DATA 9,205,116,78,74,8,240,195,157,77
19900 DATA 13,217,203,35,203,18,217,203,19,203
19910 DATA 18,217,237,106,217,237,106,242,172,70
19920 DATA 8,248,203,188,201,5,4,202,185,78
19930 DATA 13,12,200,124,170,8,203,250,203,252
19940 DATA 197,68,77,33,0,0,217,68,77,33
19950 DATA 0,0,62,224,205,247,79,220,11,80
19960 DATA 217,229,33,0,128,183,237,82,225,204
19970 DATA 110,78,220,96,78,193,220,136,78,31
19980 DATA 121,136,56,5,242,185,78,24,3,250
19990 DATA 138,78,198,128,79,202,185,78,8,203
20000 DATA 188,240,203,252,201,205,116,78,203,124
20010 DATA 245,196,157,77,72,6,32,205,19,79
20020 DATA 56,8,16,249,241,217,44,217,76,201
20030 DATA 241,197,235,229,217,235,229,217,221,33
20040 DATA 0,0,221,57,40,66,197,217,213,217
20050 DATA 213,205,74,78,205,21,74,221,113,4
20060 DATA 217,221,117,0,221,116,1,217,221,117
20070 DATA 2,221,116,3,24,29,197,217,203,35
20080 DATA 203,18,213,217,203,19,203,18,213,62
20090 DATA 10,245,205,37,79,205,179,68,241,205
20100 DATA 185,76,220,179,68,209,217,209,217,121
20110 DATA 193,79,16,218,241,241,241,201,241,241
20120 DATA 241,24,147,203,122,245,205,116,78,205
20130 DATA 51,79,13,12,40,238,62,158,185,56
20140 DATA 8,60,205,117,77,8,242,134,71,205
20150 DATA 116,78,205,44,74,205,60,79,241,205
20160 DATA 197,70,195,161,73,205,195,78,24,3
20170 DATA 205,182,78,208,24,56,205,195,78,24
20180 DATA 3,205,182,78,200,216,24,44,205,195
20190 DATA 78,24,3,205,182,78,216,24,33,205
20200 DATA 195,78,24,3,205,182,78,40,23,208
20210 DATA 24,20,205,195,78,24,3,205,182,78
20220 DATA 200,24,9,205,195,78,24,3,205,182
20230 DATA 78,192,33,255,255,217,33,255,255,217
20240 DATA 175,79,201,203,124,200,13,12,202,157
20250 DATA 77,203,188,201,205,142,77,124,47,103
20260 DATA 125,47,111,217,124,47,103,125,47,111
20270 DATA 217,175,201,33,15,73,217,33,162,218
20280 DATA 217,14,129,175,201,205,61,72,205,197
20290 DATA 70,175,201,205,61,72,205,50,70,175
20300 DATA 201,205,74,78,17,46,101,217,17,211
20310 DATA 224,217,6,133,201,205,153,78,177,200
20320 DATA 203,124,194,248,71,205,185,78,195,96
20330 DATA 78,205,132,80,245,205,203,76,241,254
20340 DATA 45,62,0,192,13,12,202,157,77,124
20350 DATA 238,128,103,175,201,13,12,200,62,159
20360 DATA 68,205,117,77,8,160,252,96,78,120
20370 DATA 183,252,157,77,175,79,201,205,74,78
20380 DATA 203,124,62,21,194,173,68,13,12,200
20390 DATA 203,252,203,65,204,124,78,121,214,128
20400 DATA 203,47,198,128,79,197,235,33,0,0
20410 DATA 68,77,217,235,33,0,0,68,77,62
20420 DATA 225,205,42,80,217,203,120,217,204,42
20430 DATA 80,205,99,80,183,205,228,79,203,27
20440 DATA 96,105,217,96,105,220,96,78,193,220
20450 DATA 136,78,31,159,129,79,203,188,175,201
20460 DATA 205,74,78,205,51,79,205,252,72,205
20470 DATA 60,79,205,51,79,205,116,78,205,7
20480 DATA 73,205,60,79,205,50,70,175,201,205
20490 DATA 74,78,205,191,77,28,28,123,24,14
20500 DATA 205,74,78,229,205,191,77,241,7,7
20510 DATA 7,230,4,171,245,203,188,31,205,147
20520 DATA 73,220,202,69,241,245,230,3,226,81
20530 DATA 73,205,51,79,205,45,79,205,102,79
20540 DATA 183,168,17,54,109,38,222,5,208,115
20550 DATA 192,128,136,8,121,157,170,170,170,125
20560 DATA 0,0,0,0,128,205,60,79,205,60
20570 DATA 79,205,197,70,195,115,73,205,45,79
20580 DATA 205,102,79,113,213,120,76,112,175,148
20590 DATA 3,182,118,200,156,170,42,123,221,255
20600 DATA 255,255,126,0,0,0,0,128,205,60
20610 DATA 79,241,230,4,200,13,12,200,203,252
20620 DATA 201,33,0,0,217,33,0,0,217,14
20630 DATA 128,201,17,0,0,217,17,0,0,217
20640 DATA 6,128,201,17,15,73,217,17,162,218
20650 DATA 217,6,127,201,205,74,78,205,30,74
20660 DATA 217,29,1,207,209,217,229,205,207,77
20670 DATA 241,203,123,40,9,23,218,185,78,62
20680 DATA 24,195,173,68,230,128,179,245,203,188
20690 DATA 205,51,79,205,102,79,114,64,46,148
20700 DATA 115,101,111,79,46,118,55,109,2,136
20710 DATA 121,18,229,160,42,123,20,79,170,170
20720 DATA 125,86,253,255,127,126,254,255,255,255
20730 DATA 127,0,0,0,0,128,205,60,79,241
20740 DATA 245,244,21,74,241,242,0,74,230,127
20750 DATA 237,68,198,128,129,56,5,242,185,78
20760 DATA 24,3,250,138,78,198,128,202,185,78
20770 DATA 79,175,201,205,136,73,205,116,78,195
20780 DATA 50,70,17,114,49,217,17,248,23,217
20790 DATA 6,127,201,205,74,78,62,22,203,124
20800 DATA 194,173,68,12,13,202,173,68,17,4
20810 DATA 53,217,17,51,243,217,205,203,78,121
20820 DATA 14,128,56,2,13,60,245,205,72,79
20830 DATA 205,51,79,205,45,79,205,102,79,72
20840 DATA 204,251,116,125,175,174,255,17,126,140
20850 DATA 217,205,76,126,227,169,170,42,127,0
20860 DATA 0,0,0,129,205,60,79,205,60,79
20870 DATA 205,197,70,241,205,51,79,8,205,185
20880 DATA 78,8,214,128,40,27,48,2,47,60
20890 DATA 103,14,135,245,205,48,78,203,188,205
20900 DATA 30,74,205,197,70,241,48,5,250,161
20910 DATA 74,203,252,205,60,79,205,218,69,175
20920 DATA 201,205,41,74,17,91,94,217,17,169
20930 DATA 216,217,6,126,205,197,70,175,201,205
20940 DATA 74,78,205,51,79,205,37,79,205,197
20950 DATA 70,205,136,73,205,202,69,205,140,72
20960 DATA 205,60,79,12,13,62,2,213,40,112
20970 DATA 209,205,24,74,24,3,205,74,78,229
20980 DATA 203,188,17,19,84,217,17,208,204,217
20990 DATA 6,126,205,200,78,6,0,56,28,17
21000 DATA 130,26,217,17,154,121,217,6,129,205
21010 DATA 200,78,56,8,205,21,74,6,2,195
21020 DATA 19,75,205,72,79,6,1,197,205,51
21030 DATA 79,205,45,79,205,102,79,53,243,216
21040 DATA 55,123,145,107,185,170,124,222,65,151
21050 DATA 97,124,123,157,55,146,125,90,42,204
21060 DATA 76,125,92,169,170,170,126,0,0,0
21070 DATA 0,128,205,60,79,205,60,79,205,197
21080 DATA 70,241,205,147,73,31,245,220,218,69
21090 DATA 241,4,31,220,202,69,241,183,240,203
21100 DATA 252,175,201,205,187,74,62,2,245,24
21110 DATA 227,205,74,78,6,0,203,124,40,6
21120 DATA 203,188,62,45,18,19,175,185,40,71
21130 DATA 213,120,245,121,254,161,48,26,254,155
21140 DATA 48,37,47,254,225,56,2,62,248,198
21150 DATA 28,205,141,79,245,205,197,70,241,71
21160 DATA 241,144,24,224,214,32,205,141,79,245
21170 DATA 205,50,70,241,71,241,128,24,209,62
21180 DATA 9,205,141,79,205,200,78,121,193,79
21190 DATA 203,252,220,234,78,209,203,185,62,0
21200 DATA 23,12,8,120,221,203,2,78,32,8
21210 DATA 175,221,190,1,40,10,62,246,221,134
21220 DATA 1,183,250,218,75,175,245,8,205,19
21230 DATA 79,143,254,10,56,5,214,10,217,44
21240 DATA 217,13,32,240,79,124,230,63,103,241
21250 DATA 242,255,75,60,32,28,62,4,185,62
21260 DATA 0,24,21,245,121,206,48,254,48,40
21270 DATA 5,254,58,63,48,8,227,203,117,227
21280 DATA 32,5,62,48,60,61,245,4,205,153
21290 DATA 78,14,32,62,0,32,187,241,245,62
21300 DATA 0,56,181,235,14,255,22,1,221,94
21310 DATA 1,221,203,2,70,32,50,221,203,2
21320 DATA 78,40,17,120,183,40,4,250,67,76
21330 DATA 80,122,221,134,1,95,254,11,56,23
21340 DATA 120,17,1,1,183,250,103,76,40,13
21350 DATA 221,126,1,183,32,2,62,10,184,56
21360 DATA 6,80,88,120,198,129,79,203,250,29
21370 DATA 122,185,48,12,241,40,3,242,124,76
21380 DATA 245,28,29,250,139,76,62,48,21,226
21390 DATA 131,76,54,46,35,119,35,29,242,106
21400 DATA 76,24,227,241,12,77,32,39,54,69
21410 DATA 35,120,61,242,157,76,54,45,35,237
21420 DATA 68,54,48,40,21,254,10,71,62,58
21430 DATA 56,3,35,54,48,52,190,32,5,54
21440 DATA 48,43,52,35,16,245,35,235,201,221
21450 DATA 70,4,217,221,94,0,221,86,1,217
21460 DATA 221,94,2,221,86,3,201,205,185,78
21470 DATA 14,0,205,80,77,254,46,6,0,204
21480 DATA 78,77,254,69,62,0,204,31,77,203
21490 DATA 124,32,8,183,32,5,184,32,2,185
21500 DATA 200,144,129,14,159,205,48,78,203,188
21510 DATA 183,200,250,3,77,205,141,79,205,197
21520 DATA 70,175,201,254,218,56,10,237,68,205
21530 DATA 141,79,205,50,70,175,201,245,62,38
21540 DATA 205,141,79,205,50,70,241,198,38,24
21550 DATA 228,197,71,14,2,221,35,205,132,80
21560 DATA 8,205,122,80,56,23,120,135,135,128
21570 DATA 135,71,221,126,0,221,35,230,15,128
21580 DATA 71,13,242,41,77,6,100,24,228,8
21590 DATA 254,45,120,193,192,237,68,201,221,35
21600 DATA 205,122,80,216,4,221,35,205,4,79
21610 DATA 56,19,13,12,32,15,230,15,217,6
21620 DATA 0,79,9,217,48,230,35,124,181,32
21630 DATA 225,12,205,119,78,24,219,8,175,8
21640 DATA 203,252,205,124,78,185,200,210,122,77
21650 DATA 195,138,78,205,116,78,205,142,77,205
21660 DATA 116,78,13,12,200,203,124,245,62,159
21670 DATA 205,117,77,241,14,0,200,183,217,213
21680 DATA 235,33,0,0,237,82,209,217,213,235
21690 DATA 33,0,0,237,82,209,201,217,47,229
21700 DATA 183,33,0,0,237,66,68,77,225,24
21710 DATA 224,62,150,185,62,23,218,173,68,205
21720 DATA 147,73,217,1,105,33,217,203,250,203
21730 DATA 252,121,14,0,221,33,0,0,221,229
21740 DATA 184,56,58,217,227,237,66,227,237,82
21750 DATA 217,237,82,48,9,217,227,9,227,237
21760 DATA 90,217,237,90,63,203,17,48,2,203
21770 DATA 249,61,184,56,25,227,41,227,217,237
21780 DATA 106,217,237,106,48,213,183,217,227,237
21790 DATA 66,227,237,82,217,237,82,183,24,220
21800 DATA 60,89,79,217,193,217,203,124,192,217
21810 DATA 203,33,203,16,237,106,217,237,106,13
21820 DATA 194,30,78,201,203,124,192,217,41,217
21830 DATA 237,106,13,194,48,78,201,8,198,42
21840 DATA 8,205,116,78,205,74,78,205,116,78
21850 DATA 13,12,192,205,153,78,200,124,183,252
21860 DATA 157,77,14,159,205,48,78,183,248,203
21870 DATA 188,201,217,1,1,0,9,217,208,197
21880 DATA 1,1,0,9,193,201,183,217,203,197
21890 DATA 217,201,121,72,71,235,217,235,217,201
21900 DATA 205,26,79,217,203,24,203,25,8,176
21910 DATA 8,217,12,192,62,20,195,173,68,205
21920 DATA 153,78,200,124,230,128,246,64,201,124
21930 DATA 181,217,180,181,217,201,120,177,32,10
21940 DATA 205,182,78,62,0,200,62,128,31,201
21950 DATA 205,65,78,205,195,78,24,241,205,226
21960 DATA 78,62,0,217,103,111,217,103,111,79
21970 DATA 201,205,213,78,24,241,121,184,192,237
21980 DATA 82,25,192,217,237,82,25,217,201,124
21990 DATA 170,124,23,248,48,236,205,200,78,200
22000 DATA 63,201,124,170,242,203,78,124,23,201
22010 DATA 5,12,205,38,79,205,25,79,205,25
22020 DATA 79,8,217,25,217,237,90,201,217,183
22030 DATA 237,82,217,237,82,201,205,38,79,205
22040 DATA 19,79,216,205,19,79,216,205,246,78
22050 DATA 216,217,41,217,237,106,201,12,203,60
22060 DATA 203,29,217,203,28,203,29,217,201,65
22070 DATA 84,93,217,84,93,217,201,205,37,79
22080 DATA 205,197,70,221,225,197,229,217,229,217
22090 DATA 221,233,221,225,217,209,217,209,121,193
22100 DATA 65,79,221,233,205,51,79,205,136,73
22110 DATA 205,218,69,205,60,79,205,51,79,205
22120 DATA 116,78,205,136,73,205,196,69,205,60
22130 DATA 79,195,50,70,221,33,2,0,221,57
22140 DATA 221,227,205,185,76,205,197,70,17,5
22150 DATA 0,221,25,205,185,76,221,227,4,5
22160 DATA 250,218,69,205,218,69,205,185,76,221
22170 DATA 227,24,228,60,8,229,217,229,217,205
22180 DATA 136,73,205,116,78,175,8,61,40,32
22190 DATA 242,165,79,185,56,26,60,8,60,203
22200 DATA 252,205,236,78,48,5,8,205,25,79
22210 DATA 8,8,220,96,78,12,250,154,79,195
22220 DATA 138,78,205,116,78,203,186,217,225,217
22230 DATA 225,8,201,183,237,66,217,237,66,217
22240 DATA 48,5,9,217,237,74,217,63,203,19
22250 DATA 203,18,217,203,19,203,18,217,60,240
22260 DATA 237,106,217,237,106,217,48,222,183,237
22270 DATA 66,217,237,66,217,55,195,216,79,183
22280 DATA 217,203,26,203,27,217,203,26,203,27
22290 DATA 48,5,9,217,237,74,217,60,240,217
22300 DATA 203,28,203,29,217,203,28,203,29,195
22310 DATA 248,79,237,66,217,237,66,217,12,48
22320 DATA 7,13,9,217,237,74,217,13,60,240
22330 DATA 203,33,203,16,217,203,17,203,16,217
22340 DATA 12,203,35,203,18,217,203,19,203,18
22350 DATA 217,237,106,217,237,106,217,203,35,203
22360 DATA 18,217,203,19,203,18,217,237,106,217
22370 DATA 237,106,217,210,24,80,183,237,66,217
22380 DATA 237,66,217,12,195,40,80,41,217,237
22390 DATA 106,217,56,238,60,12,237,66,217,237
22400 DATA 66,217,208,9,217,237,74,217,13,201
22410 DATA 221,126,0,254,58,63,216,254,48,201
22420 DATA 221,126,0,221,35,254,32,40,247,254
22430 DATA 43,200,254,45,200,221,43,201,0,0
22440 DATA 0,0,0,0,0,0,0,0,0,0
22450 DATA 0,0,0,0,0,0,0,0,0,0
22460 DATA 0,0,0,0,0,0,0,0,0,0
22470 DATA 0,0,0,0,0,0,0,0,0,0
22480 DATA 0,0,0,0,0,0,0,0,0,0
22490 DATA 0,0,0,0,0,0,0,0,0,0
22500 DATA 0,0,0,0,0,0,0,0,0,0
22510 DATA 0,0,0,0,0,0,0,0,0,0
22520 DATA 0,0,0,0,0,0,0,0,0,0
22530 DATA 0,0,0,0,0,0,0,0,0,0
22540 DATA 0,0,0,0,0,0,0,0,0,0
22550 DATA 0,0,0,0,0,0,0,0,0,0
22560 DATA 0,0,0,0,0,0,0,0,0,0
22570 DATA 0,0,0,0,0,0,0,0,0,0
22580 DATA 0,0,0,0,0,0,0,0,0,0
22590 DATA 0,0,0,0,0,0,0,0,0,0
22600 DATA 0,0,0,0,0,0,0,0,0,0
22610 DATA 0,0,0,0,0,0,0,0,0,0
22620 DATA 0,0,0,0,0,0,0,0,0,0
22630 DATA 0,0,0,0,0,0,0,0,0,0
22640 DATA 0,0,0,0,0,0,0,0,0,0
22650 DATA 0,0,0,0,0,0,0,0,0,0
22660 DATA 0,0,0,0,0,0,0,0,0,0
22670 DATA 0,0,0,0,0,0,0,0,0,0
22680 DATA 0,0,0,0,0,0,0,0,0,0
22690 DATA 0,0,0,0,0,0,0,0,0,0
22700 DATA 0,0,0,0,0,0,0,0,0,0
22710 DATA 0,0,0,0,0,0,0,0,0,0
22720 DATA 0,0,0,0,0,0,0,0,0,0
22730 DATA 0,0,0,0,0,0,0,0,0,0
22740 DATA 0,0,0,0,0,0,0,0,0,0
22750 DATA 0,0,0,0,0,0,0,0,0,0
22760 DATA 0,0,0,0,0,0,0,0,0,0
22770 DATA 0,0,0,0,0,0,0,0,0,0
22780 DATA 0,0,0,0,0,0,0,0,0,0
22790 DATA 0,0,0,0,0,0,0,0,0,0
22800 DATA 0,0,0,0,0,0,0,0,0,0
22810 DATA 0,0,0,0,0,0,0,0,0,0
22820 DATA 0,0,0,0,0,0,0,0,0,0
22830 DATA 0,0,0,0,0,0,0,0,0,0
22840 DATA 0,0,0,0,0,0,0,0,0,0
22850 DATA 0,0,0,0,0,0,0,0,0,0
22860 DATA 0,0,0,0,0,0,0,0,0,0
22870 DATA 0,0,0,0,0,0,0,0,0,0
22880 DATA 0,0,0,0,0,0,0,0,0,0
22890 DATA 0,0,0,0,0,0,0,0,0,0
22900 DATA 0,0,0,0,0,0,0,0,0,0
22910 DATA 0,0,0,0,0,0,0,0,0,0
22920 DATA 0,0,0,0,0,0,0,0,0,0
22930 DATA 0,0,0,0,0,0,0,0,0,0
22940 DATA 0,0,0,0,0,0,0,0,0,0
22950 DATA 0,0,0,0,0,0,0,0,0,0
22960 DATA 0,0,0,0,0,0,0,0,0,0
22970 DATA 0,0,0,0,0,0,0,0,0,0
22980 DATA 0,0,0,0,0,0,0,0,0,0
22990 DATA 0,0,0,0,0,0,0,0,0,0
23000 DATA 0,0,0,0,0,0,0,0,0,0
23010 DATA 0,0,0,0,0,0,0,0,0,0
23020 DATA 0,0,0,0,0,0,0,0,0,0
23030 DATA 0,0,0,0,0,0,0,0,0,0
23040 DATA 0,0,0,0,0,0,0,0,0,0
23050 DATA 0,0,0,0,0,0,0,0,0,0
23060 DATA 0,0,0,0,0,0,0,0,0,0
23070 DATA 0,0,0,0,0,0,0,0,0,0
23080 DATA 0,0,0,0,0,0,0,0,0,0
23090 DATA 0,0,0,0,0,0,0,0,0,0
23100 DATA 0,0,0,0,0,0,0,0,0,0
23110 DATA 0,0,0,0,0,0,0,0,0,0
23120 DATA 0,0,0,0,0,0,0,0,0,0
23130 DATA 0,0,0,0,0,0,0,0,0,0
23140 DATA 0,0,0,0,0,0,0,0,0,0
23150 DATA 0,0,0,0,0,0,0,0,0,0
23160 DATA 0,0,0,0,0,0,0,0,0,0
23170 DATA 0,0,0,0,0,0,0,0,0,0
23180 DATA 0,0,0,0,0,0,0,0,0,0
23190 DATA 0,0,0,0,0,0,0,0,0,0
